0	173137	0.9026	0.0000	0.0000	0.0000	0
1	173138	0.9026	0.0000	0.0000	0.0000	0
2	173140	0.9026	0.0000	0.0000	0.0000	0
3	173139	0.9026	0.0000	0.0000	0.0000	0
4	173135	0.9026	0.0000	0.0000	0.0000	0
5	173136	0.9026	0.0000	0.0000	0.0000	0
6	173128	0.9026	0.0204	0.1429	0.0916	1
7	173129	0.9026	0.0491	0.2500	0.1641	1
8	249118	0.8759	0.0807	0.3333	0.2233	1
9	249122	0.8759	0.1026	0.3000	0.2090	0
10	249117	0.8759	0.1263	0.3636	0.2548	1
11	249120	0.8759	0.1436	0.3333	0.2413	0
12	249121	0.8759	0.1562	0.3077	0.2294	0
13	249119	0.8759	0.1655	0.2857	0.2190	0
14	227903	0.8530	0.1767	0.3333	0.2523	1
15	227905	0.8530	0.1891	0.3750	0.2823	1
16	227912	0.8530	0.1987	0.3529	0.2716	0
17	227902	0.8530	0.2093	0.3889	0.2976	1
18	227911	0.8530	0.2176	0.3684	0.2875	0
19	122631	0.8530	0.2268	0.4000	0.3106	1
20	121794	0.8273	0.2341	0.3810	0.3010	0
21	121792	0.8273	0.2400	0.3636	0.2921	0
22	121795	0.8273	0.2447	0.3478	0.2838	0
23	121791	0.8273	0.2484	0.3333	0.2761	0
24	121793	0.8273	0.2512	0.3200	0.2689	0
25	121789	0.8273	0.2534	0.3077	0.2621	0
26	121790	0.8273	0.2550	0.2963	0.2557	0
27	13185	0.7958	0.2561	0.2857	0.2497	0
28	13184	0.7958	0.2568	0.2759	0.2440	0
29	13130	0.7958	0.2582	0.3000	0.2607	1
30	13131	0.7958	0.2603	0.3226	0.2765	1
31	13183	0.7958	0.2619	0.3125	0.2708	0
32	191011	0.7848	0.2632	0.3030	0.2653	0
33	191012	0.7848	0.2641	0.2941	0.2601	0
34	191010	0.7848	0.2647	0.2857	0.2551	0
35	75654	0.7808	0.2651	0.2778	0.2504	0
36	75642	0.7808	0.2659	0.2973	0.2640	1
37	75645	0.7808	0.2672	0.3158	0.2770	1
38	75644	0.7808	0.2689	0.3333	0.2894	1
39	75655	0.7808	0.2703	0.3250	0.2846	0
40	75643	0.7808	0.2721	0.3415	0.2963	1
41	75653	0.7808	0.2735	0.3333	0.2916	0
42	75647	0.7808	0.2753	0.3488	0.3027	1
43	75646	0.7808	0.2773	0.3636	0.3134	1
44	154704	0.7668	0.2795	0.3778	0.3238	1
45	154703	0.7668	0.2820	0.3913	0.3338	1
46	154702	0.7668	0.2846	0.4043	0.3434	1
47	154705	0.7668	0.2873	0.4167	0.3527	1
48	171890	0.7664	0.2898	0.4082	0.3478	0
49	171892	0.7664	0.2920	0.4000	0.3431	0
50	171895	0.7664	0.2939	0.3922	0.3385	0
51	171858	0.7664	0.2961	0.4038	0.3472	1
52	171891	0.7664	0.2979	0.3962	0.3427	0
53	171894	0.7664	0.2996	0.3889	0.3383	0
54	171893	0.7664	0.3011	0.3818	0.3341	0
55	171857	0.7664	0.3028	0.3929	0.3423	1
56	139214	0.7637	0.3045	0.4035	0.3503	1
57	139243	0.7637	0.3061	0.3966	0.3461	0
58	139242	0.7637	0.3075	0.3898	0.3420	0
59	139212	0.7637	0.3091	0.4000	0.3496	1
60	139213	0.7637	0.3107	0.4098	0.3570	1
61	238756	0.7613	0.3125	0.4194	0.3642	1
62	238757	0.7613	0.3143	0.4286	0.3712	1
63	238755	0.7613	0.3162	0.4375	0.3780	1
64	238754	0.7613	0.3182	0.4462	0.3847	1
65	85350	0.7591	0.3203	0.4545	0.3912	1
66	85361	0.7591	0.3222	0.4478	0.3871	0
67	85362	0.7591	0.3240	0.4412	0.3831	0
68	85360	0.7591	0.3256	0.4348	0.3793	0
69	85349	0.7591	0.3272	0.4429	0.3855	1
70	85348	0.7591	0.3290	0.4507	0.3915	1
71	85351	0.7591	0.3308	0.4583	0.3975	1
72	110822	0.7564	0.3324	0.4521	0.3936	0
73	110821	0.7564	0.3340	0.4459	0.3899	0
74	110819	0.7564	0.3356	0.4533	0.3956	1
75	110818	0.7564	0.3372	0.4605	0.4012	1
76	110820	0.7564	0.3389	0.4675	0.4067	1
77	215401	0.7536	0.3406	0.4744	0.4121	1
78	215400	0.7536	0.3424	0.4810	0.4173	1
79	215402	0.7536	0.3442	0.4875	0.4225	1
80	215429	0.7536	0.3459	0.4815	0.4188	0
81	161835	0.7472	0.3477	0.4878	0.4238	1
82	161834	0.7472	0.3494	0.4940	0.4287	1
83	161833	0.7472	0.3512	0.5000	0.4335	1
84	161836	0.7472	0.3530	0.5059	0.4382	1
85	161831	0.7472	0.3549	0.5116	0.4429	1
86	161832	0.7472	0.3567	0.5172	0.4474	1
87	97526	0.7465	0.3586	0.5227	0.4519	1
88	97525	0.7465	0.3605	0.5281	0.4563	1
89	97528	0.7465	0.3625	0.5333	0.4606	1
90	97530	0.7465	0.3644	0.5385	0.4648	1
91	97529	0.7465	0.3663	0.5435	0.4689	1
92	97527	0.7465	0.3683	0.5484	0.4730	1
93	29396	0.7437	0.3703	0.5532	0.4770	1
94	29398	0.7437	0.3722	0.5579	0.4810	1
95	29397	0.7437	0.3742	0.5625	0.4848	1
96	29395	0.7437	0.3762	0.5670	0.4886	1
97	29419	0.7437	0.3781	0.5612	0.4851	0
98	29420	0.7437	0.3799	0.5556	0.4815	0
99	89540	0.7427	0.3816	0.5500	0.4781	0
100	89521	0.7427	0.3833	0.5545	0.4818	1
101	89522	0.7427	0.3850	0.5588	0.4855	1
102	89523	0.7427	0.3867	0.5631	0.4890	1
103	10364	0.7375	0.3885	0.5673	0.4926	1
104	10368	0.7375	0.3902	0.5714	0.4961	1
105	10366	0.7375	0.3920	0.5755	0.4995	1
106	10365	0.7375	0.3937	0.5794	0.5029	1
107	10367	0.7375	0.3955	0.5833	0.5062	1
108	260099	0.7372	0.3972	0.5780	0.5028	0
109	260096	0.7372	0.3988	0.5818	0.5061	1
110	260098	0.7372	0.4005	0.5856	0.5093	1
111	260097	0.7372	0.4022	0.5893	0.5125	1
112	260095	0.7372	0.4039	0.5929	0.5156	1
113	260094	0.7372	0.4056	0.5965	0.5187	1
114	263097	0.7339	0.4072	0.5913	0.5154	0
115	263096	0.7339	0.4087	0.5862	0.5122	0
116	263099	0.7339	0.4102	0.5812	0.5090	0
117	263098	0.7339	0.4116	0.5763	0.5059	0
118	263005	0.7339	0.4130	0.5798	0.5089	1
119	179780	0.7328	0.4144	0.5750	0.5058	0
120	179779	0.7328	0.4157	0.5785	0.5088	1
121	179781	0.7328	0.4170	0.5738	0.5057	0
122	179782	0.7328	0.4183	0.5691	0.5028	0
123	219695	0.7239	0.4195	0.5726	0.5057	1
124	219692	0.7239	0.4208	0.5760	0.5085	1
125	219701	0.7239	0.4220	0.5714	0.5056	0
126	219702	0.7239	0.4231	0.5669	0.5027	0
127	219693	0.7239	0.4243	0.5703	0.5055	1
128	219694	0.7239	0.4254	0.5736	0.5083	1
129	244571	0.7221	0.4266	0.5769	0.5111	1
130	244569	0.7221	0.4277	0.5802	0.5138	1
131	244570	0.7221	0.4289	0.5833	0.5165	1
132	244568	0.7221	0.4301	0.5865	0.5192	1
133	244565	0.7221	0.4313	0.5896	0.5218	1
134	244564	0.7221	0.4325	0.5926	0.5244	1
135	244567	0.7221	0.4337	0.5956	0.5270	1
136	244566	0.7221	0.4349	0.5985	0.5295	1
137	200155	0.7116	0.4361	0.6014	0.5320	1
138	200154	0.7116	0.4373	0.6043	0.5345	1
139	200153	0.7116	0.4385	0.6071	0.5369	1
140	70567	0.7109	0.4397	0.6028	0.5341	0
141	70568	0.7109	0.4408	0.5986	0.5313	0
142	70556	0.7109	0.4419	0.6014	0.5337	1
143	70563	0.7109	0.4430	0.5972	0.5310	0
144	70559	0.7109	0.4441	0.6000	0.5334	1
145	70565	0.7109	0.4451	0.5959	0.5307	0
146	70557	0.7109	0.4462	0.5986	0.5331	1
147	70558	0.7109	0.4472	0.6014	0.5354	1
148	70569	0.7109	0.4482	0.5973	0.5327	0
149	70566	0.7109	0.4492	0.5933	0.5301	0
150	70564	0.7109	0.4501	0.5894	0.5275	0
151	70562	0.7109	0.4510	0.5855	0.5250	0
152	202839	0.7101	0.4519	0.5882	0.5273	1
153	202841	0.7101	0.4528	0.5909	0.5295	1
154	202840	0.7101	0.4537	0.5935	0.5318	1
155	202842	0.7101	0.4546	0.5897	0.5293	0
156	242924	0.7094	0.4555	0.5924	0.5315	1
157	242925	0.7094	0.4564	0.5949	0.5337	1
158	242926	0.7094	0.4572	0.5912	0.5312	0
159	242927	0.7094	0.4580	0.5875	0.5287	0
160	212263	0.6973	0.4588	0.5901	0.5309	1
161	212299	0.6973	0.4596	0.5864	0.5285	0
162	212298	0.6973	0.4604	0.5828	0.5261	0
163	212297	0.6973	0.4611	0.5793	0.5237	0
164	212300	0.6973	0.4618	0.5758	0.5213	0
165	55977	0.6924	0.4625	0.5723	0.5190	0
166	55975	0.6924	0.4631	0.5689	0.5167	0
167	55976	0.6924	0.4637	0.5655	0.5144	0
168	55944	0.6924	0.4643	0.5680	0.5165	1
169	42276	0.6895	0.4650	0.5706	0.5187	1
170	42263	0.6895	0.4656	0.5731	0.5207	1
171	42270	0.6895	0.4662	0.5756	0.5228	1
172	42272	0.6895	0.4669	0.5780	0.5249	1
173	42274	0.6895	0.4675	0.5805	0.5269	1
174	42275	0.6895	0.4682	0.5829	0.5289	1
175	42271	0.6895	0.4689	0.5852	0.5309	1
176	42273	0.6895	0.4695	0.5876	0.5329	1
177	42269	0.6895	0.4702	0.5899	0.5348	1
178	146027	0.6874	0.4709	0.5922	0.5368	1
179	146028	0.6874	0.4716	0.5944	0.5387	1
180	146030	0.6874	0.4723	0.5967	0.5406	1
181	146029	0.6874	0.4730	0.5989	0.5425	1
182	146026	0.6874	0.4737	0.6011	0.5443	1
183	79852	0.6870	0.4743	0.5978	0.5421	0
184	245577	0.6870	0.4750	0.5946	0.5399	0
185	245576	0.6870	0.4756	0.5914	0.5378	0
186	245575	0.6870	0.4762	0.5882	0.5356	0
187	182171	0.6862	0.4768	0.5904	0.5375	1
188	182173	0.6862	0.4774	0.5926	0.5393	1
189	182172	0.6862	0.4780	0.5947	0.5411	1
190	182169	0.6862	0.4787	0.5969	0.5429	1
191	182180	0.6862	0.4793	0.5938	0.5408	0
192	128643	0.6845	0.4798	0.5907	0.5387	0
193	128642	0.6845	0.4804	0.5876	0.5366	0
194	128644	0.6845	0.4809	0.5846	0.5346	0
195	195416	0.6830	0.4815	0.5867	0.5363	1
196	195414	0.6830	0.4820	0.5888	0.5381	1
197	195415	0.6830	0.4826	0.5909	0.5399	1
198	208414	0.6824	0.4831	0.5930	0.5416	1
199	208413	0.6824	0.4837	0.5950	0.5433	1
200	208415	0.6824	0.4843	0.5970	0.5450	1
201	208416	0.6824	0.4848	0.5990	0.5467	1
202	104515	0.6808	0.4854	0.6010	0.5484	1
203	255615	0.6808	0.4860	0.6029	0.5501	1
204	83699	0.6808	0.4865	0.6049	0.5517	1
205	255616	0.6808	0.4871	0.6068	0.5533	1
206	255613	0.6808	0.4877	0.6087	0.5550	1
207	255610	0.6808	0.4883	0.6106	0.5566	1
208	255611	0.6808	0.4889	0.6124	0.5582	1
209	255614	0.6808	0.4895	0.6143	0.5598	1
210	255608	0.6808	0.4901	0.6161	0.5613	1
211	87669	0.6804	0.4907	0.6132	0.5593	0
212	87670	0.6804	0.4912	0.6103	0.5574	0
213	87671	0.6804	0.4918	0.6075	0.5554	0
214	62711	0.6769	0.4923	0.6093	0.5569	1
215	62710	0.6769	0.4929	0.6111	0.5585	1
216	62709	0.6769	0.4934	0.6129	0.5600	1
217	62712	0.6769	0.4940	0.6147	0.5616	1
218	227341	0.6741	0.4945	0.6119	0.5596	0
219	227283	0.6741	0.4951	0.6136	0.5611	1
220	227340	0.6741	0.4956	0.6109	0.5592	0
221	227339	0.6741	0.4961	0.6081	0.5573	0
222	227255	0.6741	0.4966	0.6099	0.5588	1
223	226860	0.6727	0.4971	0.6116	0.5603	1
224	226861	0.6727	0.4976	0.6133	0.5618	1
225	226859	0.6727	0.4982	0.6150	0.5632	1
226	38157	0.6713	0.4987	0.6167	0.5647	1
227	38155	0.6713	0.4992	0.6184	0.5661	1
228	38156	0.6713	0.4997	0.6201	0.5676	1
229	38158	0.6713	0.5003	0.6217	0.5690	1
230	202849	0.6710	0.5008	0.6234	0.5704	1
231	202850	0.6710	0.5013	0.6250	0.5718	1
232	202853	0.6710	0.5019	0.6223	0.5700	0
233	209220	0.6700	0.5024	0.6239	0.5713	1
234	209228	0.6700	0.5029	0.6213	0.5695	0
235	209221	0.6700	0.5034	0.6229	0.5709	1
236	256757	0.6696	0.5039	0.6245	0.5723	1
237	256758	0.6696	0.5044	0.6261	0.5736	1
238	256769	0.6696	0.5049	0.6234	0.5718	0
239	256770	0.6696	0.5054	0.6208	0.5700	0
240	256759	0.6696	0.5059	0.6224	0.5714	1
241	256768	0.6696	0.5064	0.6198	0.5696	0
242	256756	0.6696	0.5068	0.6214	0.5709	1
243	263315	0.6677	0.5073	0.6230	0.5722	1
244	263316	0.6677	0.5078	0.6245	0.5736	1
245	263313	0.6677	0.5083	0.6260	0.5749	1
246	263317	0.6677	0.5087	0.6275	0.5762	1
247	249329	0.6652	0.5092	0.6290	0.5775	1
248	249328	0.6652	0.5097	0.6305	0.5788	1
249	249357	0.6652	0.5102	0.6280	0.5770	0
250	249337	0.6652	0.5107	0.6295	0.5783	1
251	117082	0.6644	0.5111	0.6270	0.5766	0
252	117074	0.6644	0.5116	0.6285	0.5778	1
253	117076	0.6644	0.5121	0.6299	0.5791	1
254	117077	0.6644	0.5125	0.6314	0.5804	1
255	117081	0.6644	0.5130	0.6289	0.5786	0
256	35252	0.6637	0.5134	0.6304	0.5799	1
257	35255	0.6637	0.5139	0.6279	0.5782	0
258	35251	0.6637	0.5143	0.6293	0.5794	1
259	237007	0.6637	0.5148	0.6308	0.5806	1
260	237009	0.6637	0.5152	0.6322	0.5819	1
261	237008	0.6637	0.5157	0.6336	0.5831	1
262	237006	0.6637	0.5161	0.6350	0.5843	1
263	29945	0.6620	0.5166	0.6364	0.5855	1
264	29947	0.6620	0.5170	0.6377	0.5867	1
265	29946	0.6620	0.5175	0.6391	0.5879	1
266	210700	0.6607	0.5180	0.6404	0.5891	1
267	210701	0.6607	0.5184	0.6418	0.5902	1
268	210699	0.6607	0.5189	0.6431	0.5914	1
269	210697	0.6607	0.5193	0.6444	0.5925	1
270	210698	0.6607	0.5198	0.6458	0.5937	1
271	194204	0.6595	0.5203	0.6434	0.5920	0
272	194082	0.6595	0.5207	0.6447	0.5932	1
273	194205	0.6595	0.5212	0.6423	0.5915	0
274	194083	0.6595	0.5216	0.6436	0.5927	1
275	228008	0.6586	0.5221	0.6449	0.5938	1
276	228009	0.6586	0.5225	0.6462	0.5949	1
277	175706	0.6586	0.5229	0.6439	0.5933	0
278	175705	0.6586	0.5234	0.6452	0.5944	1
279	219901	0.6586	0.5238	0.6464	0.5955	1
280	219902	0.6586	0.5243	0.6477	0.5966	1
281	197263	0.6586	0.5247	0.6489	0.5977	1
282	197264	0.6586	0.5251	0.6466	0.5961	0
283	242235	0.6566	0.5256	0.6479	0.5972	1
284	242313	0.6566	0.5260	0.6456	0.5956	0
285	242234	0.6566	0.5264	0.6469	0.5966	1
286	195413	0.6556	0.5268	0.6481	0.5977	1
287	195411	0.6556	0.5273	0.6493	0.5988	1
288	195412	0.6556	0.5277	0.6505	0.5999	1
289	238582	0.6503	0.5281	0.6517	0.6009	1
290	238581	0.6503	0.5285	0.6529	0.6020	1
291	238583	0.6503	0.5290	0.6541	0.6030	1
292	238580	0.6503	0.5294	0.6553	0.6041	1
293	238584	0.6503	0.5298	0.6565	0.6051	1
294	242921	0.6502	0.5303	0.6576	0.6061	1
295	242920	0.6502	0.5307	0.6588	0.6071	1
296	242923	0.6502	0.5311	0.6599	0.6082	1
297	242922	0.6502	0.5316	0.6611	0.6092	1
298	30992	0.6493	0.5320	0.6622	0.6102	1
299	30990	0.6493	0.5325	0.6633	0.6112	1
300	30991	0.6493	0.5329	0.6645	0.6122	1
301	237931	0.6480	0.5333	0.6623	0.6106	0
302	237930	0.6480	0.5337	0.6601	0.6091	0
303	237929	0.6480	0.5341	0.6579	0.6075	0
304	237928	0.6480	0.5345	0.6557	0.6060	0
305	123734	0.6477	0.5349	0.6536	0.6045	0
306	123727	0.6477	0.5353	0.6515	0.6029	0
307	123726	0.6477	0.5357	0.6494	0.6014	0
308	235552	0.6472	0.5360	0.6472	0.5999	0
309	235550	0.6472	0.5364	0.6484	0.6009	1
310	235553	0.6472	0.5368	0.6463	0.5994	0
311	37360	0.6449	0.5371	0.6474	0.6004	1
312	37359	0.6449	0.5375	0.6486	0.6014	1
313	37361	0.6449	0.5378	0.6497	0.6024	1
314	37358	0.6449	0.5382	0.6508	0.6034	1
315	215450	0.6439	0.5385	0.6519	0.6043	1
316	215449	0.6439	0.5389	0.6530	0.6053	1
317	215448	0.6439	0.5393	0.6541	0.6063	1
318	215482	0.6439	0.5396	0.6520	0.6048	0
319	86312	0.6435	0.5400	0.6531	0.6057	1
320	86330	0.6435	0.5403	0.6542	0.6067	1
321	86464	0.6435	0.5407	0.6522	0.6052	0
322	86329	0.6435	0.5410	0.6533	0.6062	1
323	86328	0.6435	0.5414	0.6543	0.6071	1
324	75543	0.6432	0.5417	0.6523	0.6057	0
325	75545	0.6432	0.5421	0.6503	0.6042	0
326	75544	0.6432	0.5424	0.6483	0.6028	0
327	171298	0.6424	0.5427	0.6494	0.6037	1
328	171297	0.6424	0.5430	0.6505	0.6047	1
329	171289	0.6424	0.5434	0.6515	0.6056	1
330	171410	0.6424	0.5437	0.6495	0.6042	0
331	171288	0.6424	0.5440	0.6506	0.6051	1
332	171409	0.6424	0.5443	0.6486	0.6037	0
333	197133	0.6395	0.5446	0.6467	0.6023	0
334	197132	0.6395	0.5449	0.6448	0.6009	0
335	197131	0.6395	0.5452	0.6429	0.5995	0
336	134840	0.6392	0.5455	0.6409	0.5982	0
337	134786	0.6392	0.5458	0.6420	0.5991	1
338	134785	0.6392	0.5461	0.6431	0.6000	1
339	51155	0.6392	0.5464	0.6412	0.5986	0
340	51147	0.6392	0.5466	0.6422	0.5995	1
341	51148	0.6392	0.5469	0.6433	0.6004	1
342	231844	0.6390	0.5472	0.6443	0.6013	1
343	231843	0.6390	0.5475	0.6453	0.6022	1
344	231846	0.6390	0.5478	0.6435	0.6009	0
345	186807	0.6327	0.5480	0.6445	0.6018	1
346	186808	0.6327	0.5483	0.6455	0.6027	1
347	186806	0.6327	0.5486	0.6466	0.6036	1
348	72206	0.6327	0.5489	0.6476	0.6044	1
349	72263	0.6327	0.5492	0.6457	0.6031	0
350	72205	0.6327	0.5494	0.6467	0.6040	1
351	72204	0.6327	0.5497	0.6477	0.6049	1
352	75538	0.6317	0.5500	0.6459	0.6035	0
353	75540	0.6317	0.5503	0.6441	0.6022	0
354	75539	0.6317	0.5505	0.6423	0.6009	0
355	75541	0.6317	0.5508	0.6404	0.5996	0
356	261265	0.6308	0.5510	0.6415	0.6004	1
357	261271	0.6308	0.5513	0.6425	0.6013	1
358	261272	0.6308	0.5515	0.6435	0.6022	1
359	261264	0.6308	0.5518	0.6444	0.6030	1
360	261262	0.6308	0.5521	0.6454	0.6039	1
361	261263	0.6308	0.5523	0.6464	0.6047	1
362	261273	0.6308	0.5526	0.6474	0.6056	1
363	47708	0.6304	0.5528	0.6484	0.6064	1
364	47709	0.6304	0.5531	0.6493	0.6073	1
365	47764	0.6304	0.5534	0.6475	0.6060	0
366	47707	0.6304	0.5536	0.6485	0.6068	1
367	162409	0.6300	0.5539	0.6495	0.6076	1
368	162418	0.6300	0.5541	0.6504	0.6085	1
369	162419	0.6300	0.5544	0.6514	0.6093	1
370	162428	0.6300	0.5547	0.6496	0.6080	0
371	162408	0.6300	0.5549	0.6505	0.6088	1
372	56673	0.6265	0.5552	0.6515	0.6096	1
373	56670	0.6265	0.5554	0.6524	0.6105	1
374	56671	0.6265	0.5557	0.6533	0.6113	1
375	56724	0.6265	0.5560	0.6516	0.6100	0
376	56676	0.6265	0.5562	0.6525	0.6108	1
377	56675	0.6265	0.5565	0.6534	0.6116	1
378	56723	0.6265	0.5567	0.6544	0.6124	1
379	94846	0.6251	0.5570	0.6553	0.6132	1
380	94917	0.6251	0.5572	0.6535	0.6119	0
381	94915	0.6251	0.5575	0.6518	0.6107	0
382	94916	0.6251	0.5577	0.6501	0.6095	0
383	249332	0.6246	0.5580	0.6510	0.6102	1
384	249363	0.6246	0.5582	0.6494	0.6090	0
385	249340	0.6246	0.5585	0.6503	0.6098	1
386	249339	0.6246	0.5587	0.6512	0.6106	1
387	168786	0.6240	0.5589	0.6521	0.6114	1
388	168803	0.6240	0.5592	0.6530	0.6122	1
389	168802	0.6240	0.5594	0.6538	0.6129	1
390	168801	0.6240	0.5597	0.6547	0.6137	1
391	102455	0.6236	0.5599	0.6531	0.6125	0
392	102441	0.6236	0.5601	0.6539	0.6132	1
393	102440	0.6236	0.5604	0.6548	0.6140	1
394	102442	0.6236	0.5606	0.6557	0.6148	1
395	126527	0.6232	0.5609	0.6566	0.6155	1
396	126526	0.6232	0.5611	0.6574	0.6163	1
397	126528	0.6232	0.5613	0.6583	0.6170	1
398	126525	0.6232	0.5616	0.6591	0.6178	1
399	126524	0.6232	0.5618	0.6600	0.6185	1
400	126523	0.6232	0.5621	0.6608	0.6193	1
401	108002	0.6226	0.5623	0.6617	0.6200	1
402	108014	0.6226	0.5626	0.6600	0.6188	0
403	108015	0.6226	0.5628	0.6584	0.6176	0
404	108010	0.6226	0.5631	0.6593	0.6184	1
405	108011	0.6226	0.5633	0.6601	0.6191	1
406	108012	0.6226	0.5635	0.6609	0.6198	1
407	62760	0.6211	0.5638	0.6618	0.6206	1
408	62761	0.6211	0.5640	0.6601	0.6194	0
409	177553	0.6211	0.5642	0.6585	0.6182	0
410	177552	0.6211	0.5645	0.6594	0.6189	1
411	228117	0.6208	0.5647	0.6578	0.6177	0
412	228115	0.6208	0.5649	0.6562	0.6166	0
413	228116	0.6208	0.5651	0.6546	0.6154	0
414	228054	0.6208	0.5654	0.6554	0.6161	1
415	228114	0.6208	0.5656	0.6538	0.6150	0
416	228053	0.6208	0.5658	0.6547	0.6157	1
417	35352	0.6206	0.5660	0.6531	0.6145	0
418	35337	0.6206	0.5662	0.6539	0.6153	1
419	35333	0.6206	0.5664	0.6548	0.6160	1
420	35332	0.6206	0.5666	0.6556	0.6167	1
421	35342	0.6206	0.5668	0.6564	0.6174	1
422	35338	0.6206	0.5670	0.6572	0.6181	1
423	35343	0.6206	0.5673	0.6580	0.6188	1
424	35339	0.6206	0.5675	0.6588	0.6195	1
425	35341	0.6206	0.5677	0.6596	0.6202	1
426	35340	0.6206	0.5679	0.6604	0.6209	1
427	35344	0.6206	0.5681	0.6612	0.6216	1
428	94596	0.6200	0.5683	0.6597	0.6205	0
429	94593	0.6200	0.5686	0.6605	0.6212	1
430	94594	0.6200	0.5688	0.6613	0.6219	1
431	171377	0.6197	0.5690	0.6597	0.6207	0
432	171379	0.6197	0.5692	0.6582	0.6196	0
433	171380	0.6197	0.5694	0.6567	0.6185	0
434	171378	0.6197	0.5696	0.6552	0.6174	0
435	74930	0.6194	0.5698	0.6537	0.6163	0
436	74934	0.6194	0.5700	0.6522	0.6152	0
437	203277	0.6162	0.5702	0.6507	0.6140	0
438	203275	0.6162	0.5703	0.6492	0.6130	0
439	203274	0.6162	0.5705	0.6477	0.6119	0
440	203276	0.6162	0.5707	0.6463	0.6108	0
441	203252	0.6162	0.5709	0.6471	0.6115	1
442	238726	0.6162	0.5710	0.6456	0.6104	0
443	238727	0.6162	0.5712	0.6441	0.6093	0
444	238719	0.6162	0.5714	0.6449	0.6100	1
445	191028	0.6161	0.5715	0.6457	0.6107	1
446	191030	0.6161	0.5717	0.6465	0.6114	1
447	191029	0.6161	0.5719	0.6473	0.6120	1
448	191027	0.6161	0.5720	0.6481	0.6127	1
449	191031	0.6161	0.5722	0.6489	0.6134	1
450	141041	0.6159	0.5724	0.6497	0.6141	1
451	141047	0.6159	0.5725	0.6482	0.6130	0
452	141046	0.6159	0.5727	0.6468	0.6119	0
453	141048	0.6159	0.5729	0.6454	0.6109	0
454	141040	0.6159	0.5730	0.6462	0.6115	1
455	69771	0.6151	0.5732	0.6469	0.6122	1
456	158037	0.6151	0.5733	0.6477	0.6129	1
457	158035	0.6151	0.5735	0.6485	0.6136	1
458	158036	0.6151	0.5737	0.6492	0.6142	1
459	158048	0.6151	0.5738	0.6478	0.6132	0
460	228042	0.6151	0.5740	0.6464	0.6121	0
461	228041	0.6151	0.5741	0.6450	0.6111	0
462	228040	0.6151	0.5743	0.6436	0.6100	0
463	32363	0.6148	0.5744	0.6422	0.6090	0
464	32364	0.6148	0.5746	0.6409	0.6080	0
465	32358	0.6148	0.5747	0.6416	0.6086	1
466	32357	0.6148	0.5749	0.6424	0.6093	1
467	32359	0.6148	0.5750	0.6432	0.6099	1
468	32360	0.6148	0.5752	0.6439	0.6106	1
469	32361	0.6148	0.5753	0.6447	0.6113	1
470	32352	0.6148	0.5755	0.6454	0.6119	1
471	207558	0.6146	0.5756	0.6441	0.6109	0
472	207548	0.6146	0.5758	0.6448	0.6115	1
473	207557	0.6146	0.5759	0.6435	0.6105	0
474	207556	0.6146	0.5760	0.6421	0.6095	0
475	253741	0.6145	0.5762	0.6429	0.6101	1
476	253765	0.6145	0.5763	0.6436	0.6108	1
477	253764	0.6145	0.5765	0.6444	0.6114	1
478	253823	0.6145	0.5766	0.6430	0.6104	0
479	253740	0.6145	0.5767	0.6438	0.6111	1
480	253763	0.6145	0.5769	0.6445	0.6117	1
481	69005	0.6141	0.5770	0.6432	0.6107	0
482	67974	0.6141	0.5772	0.6439	0.6113	1
483	119400	0.6120	0.5773	0.6446	0.6120	1
484	119522	0.6120	0.5774	0.6433	0.6110	0
485	119521	0.6120	0.5776	0.6420	0.6100	0
486	119417	0.6120	0.5777	0.6427	0.6106	1
487	178335	0.6119	0.5778	0.6414	0.6096	0
488	178332	0.6119	0.5780	0.6421	0.6103	1
489	178336	0.6119	0.5781	0.6408	0.6093	0
490	178334	0.6119	0.5782	0.6395	0.6083	0
491	178337	0.6119	0.5783	0.6382	0.6073	0
492	13004	0.6119	0.5785	0.6389	0.6080	1
493	13002	0.6119	0.5786	0.6397	0.6086	1
494	13005	0.6119	0.5787	0.6404	0.6092	1
495	72805	0.6116	0.5788	0.6411	0.6098	1
496	72804	0.6116	0.5790	0.6419	0.6104	1
497	72803	0.6116	0.5791	0.6426	0.6111	1
498	245120	0.6116	0.5792	0.6413	0.6101	0
499	245122	0.6116	0.5793	0.6400	0.6091	0
500	245121	0.6116	0.5795	0.6387	0.6082	0
501	149600	0.6116	0.5796	0.6375	0.6072	0
502	126689	0.6105	0.5797	0.6362	0.6063	0
503	126690	0.6105	0.5798	0.6349	0.6053	0
504	126691	0.6105	0.5799	0.6337	0.6044	0
505	126669	0.6105	0.5800	0.6344	0.6050	1
506	126692	0.6105	0.5801	0.6331	0.6040	0
507	126693	0.6105	0.5802	0.6319	0.6031	0
508	37337	0.6104	0.5803	0.6326	0.6037	1
509	37336	0.6104	0.5804	0.6333	0.6043	1
510	37355	0.6104	0.5805	0.6341	0.6049	1
511	37356	0.6104	0.5806	0.6348	0.6056	1
512	37354	0.6104	0.5807	0.6355	0.6062	1
513	37353	0.6104	0.5808	0.6362	0.6068	1
514	60722	0.6100	0.5810	0.6350	0.6058	0
515	60720	0.6100	0.5811	0.6357	0.6064	1
516	107582	0.6092	0.5812	0.6344	0.6055	0
517	107580	0.6092	0.5813	0.6351	0.6061	1
518	107581	0.6092	0.5814	0.6358	0.6067	1
519	107572	0.6092	0.5815	0.6365	0.6073	1
520	107573	0.6092	0.5816	0.6372	0.6079	1
521	67950	0.6084	0.5817	0.6379	0.6085	1
522	67951	0.6084	0.5818	0.6386	0.6091	1
523	67949	0.6084	0.5819	0.6393	0.6097	1
524	155757	0.6078	0.5820	0.6400	0.6103	1
525	155758	0.6078	0.5821	0.6407	0.6109	1
526	155778	0.6078	0.5822	0.6414	0.6114	1
527	155756	0.6078	0.5824	0.6420	0.6120	1
528	155777	0.6078	0.5825	0.6427	0.6126	1
529	155788	0.6078	0.5826	0.6415	0.6117	0
530	73705	0.6068	0.5827	0.6422	0.6123	1
531	73719	0.6068	0.5828	0.6429	0.6129	1
532	73729	0.6068	0.5829	0.6417	0.6119	0
533	73718	0.6068	0.5830	0.6423	0.6125	1
534	73697	0.6068	0.5831	0.6430	0.6131	1
535	109192	0.6051	0.5833	0.6437	0.6137	1
536	109191	0.6051	0.5834	0.6443	0.6142	1
537	109193	0.6051	0.5835	0.6450	0.6148	1
538	109194	0.6051	0.5836	0.6456	0.6154	1
539	109195	0.6051	0.5837	0.6463	0.6159	1
540	117463	0.6045	0.5838	0.6451	0.6150	0
541	117451	0.6045	0.5839	0.6458	0.6156	1
542	117464	0.6045	0.5841	0.6446	0.6147	0
543	146286	0.6035	0.5842	0.6434	0.6138	0
544	146287	0.6035	0.5843	0.6422	0.6129	0
545	146237	0.6035	0.5844	0.6429	0.6135	1
546	146288	0.6035	0.5845	0.6417	0.6126	0
547	146289	0.6035	0.5846	0.6405	0.6117	0
548	229187	0.6030	0.5847	0.6393	0.6108	0
549	229189	0.6030	0.5848	0.6382	0.6099	0
550	229188	0.6030	0.5849	0.6370	0.6090	0
551	12343	0.6028	0.5850	0.6359	0.6082	0
552	12342	0.6028	0.5851	0.6347	0.6073	0
553	36683	0.6025	0.5851	0.6354	0.6079	1
554	36709	0.6025	0.5852	0.6342	0.6070	0
555	36682	0.6025	0.5853	0.6349	0.6076	1
556	36680	0.6025	0.5854	0.6355	0.6081	1
557	36681	0.6025	0.5855	0.6362	0.6087	1
558	60598	0.6024	0.5856	0.6351	0.6078	0
559	60569	0.6024	0.5857	0.6357	0.6084	1
560	60568	0.6024	0.5858	0.6364	0.6089	1
561	60570	0.6024	0.5859	0.6370	0.6095	1
562	91844	0.6023	0.5860	0.6359	0.6086	0
563	91843	0.6023	0.5860	0.6348	0.6077	0
564	91842	0.6023	0.5861	0.6336	0.6069	0
565	91841	0.6023	0.5862	0.6325	0.6060	0
566	91836	0.6023	0.5863	0.6332	0.6066	1
567	177403	0.6018	0.5864	0.6320	0.6057	0
568	177404	0.6018	0.5864	0.6309	0.6049	0
569	177390	0.6018	0.5865	0.6316	0.6055	1
570	177392	0.6018	0.5866	0.6322	0.6060	1
571	177402	0.6018	0.5867	0.6311	0.6052	0
572	122618	0.6016	0.5868	0.6318	0.6057	1
573	122619	0.6016	0.5868	0.6324	0.6063	1
574	122620	0.6016	0.5869	0.6330	0.6068	1
575	133512	0.6016	0.5870	0.6319	0.6060	0
576	133492	0.6016	0.5871	0.6326	0.6065	1
577	133513	0.6016	0.5872	0.6315	0.6057	0
578	133511	0.6016	0.5872	0.6304	0.6048	0
579	109155	0.6011	0.5873	0.6310	0.6054	1
580	109203	0.6011	0.5874	0.6317	0.6059	1
581	109201	0.6011	0.5875	0.6323	0.6065	1
582	109177	0.6011	0.5875	0.6329	0.6070	1
583	109202	0.6011	0.5876	0.6336	0.6075	1
584	126522	0.6011	0.5877	0.6342	0.6081	1
585	126521	0.6011	0.5878	0.6348	0.6086	1
586	126566	0.6011	0.5879	0.6337	0.6078	0
587	126565	0.6011	0.5879	0.6327	0.6069	0
588	255475	0.6005	0.5880	0.6333	0.6075	1
589	255476	0.6005	0.5881	0.6339	0.6080	1
590	255474	0.6005	0.5882	0.6345	0.6085	1
591	30620	0.6000	0.5882	0.6351	0.6091	1
592	30621	0.6000	0.5883	0.6358	0.6096	1
593	30622	0.6000	0.5884	0.6364	0.6101	1
594	139728	0.5999	0.5885	0.6370	0.6106	1
595	139748	0.5999	0.5886	0.6359	0.6098	0
596	139729	0.5999	0.5886	0.6365	0.6103	1
597	139730	0.5999	0.5887	0.6371	0.6109	1
598	14914	0.5997	0.5888	0.6377	0.6114	1
599	14915	0.5997	0.5889	0.6383	0.6119	1
600	15100	0.5997	0.5890	0.6373	0.6111	0
601	15099	0.5997	0.5891	0.6362	0.6103	0
602	228646	0.5994	0.5891	0.6352	0.6095	0
603	228649	0.5994	0.5892	0.6341	0.6087	0
604	228647	0.5994	0.5893	0.6331	0.6079	0
605	228648	0.5994	0.5893	0.6320	0.6071	0
606	242947	0.5982	0.5894	0.6326	0.6076	1
607	242979	0.5982	0.5895	0.6332	0.6081	1
608	242980	0.5982	0.5896	0.6338	0.6086	1
609	197130	0.5978	0.5896	0.6328	0.6078	0
610	197096	0.5978	0.5897	0.6334	0.6083	1
611	197095	0.5978	0.5898	0.6340	0.6088	1
612	197094	0.5978	0.5899	0.6346	0.6093	1
613	54480	0.5967	0.5899	0.6336	0.6085	0
614	54482	0.5967	0.5900	0.6325	0.6078	0
615	54367	0.5949	0.5901	0.6315	0.6070	0
616	54363	0.5949	0.5901	0.6321	0.6075	1
617	54366	0.5949	0.5902	0.6311	0.6067	0
618	54365	0.5949	0.5903	0.6300	0.6059	0
619	171495	0.5948	0.5903	0.6290	0.6051	0
620	171486	0.5948	0.5904	0.6296	0.6056	1
621	171484	0.5948	0.5904	0.6302	0.6061	1
622	144646	0.5943	0.5905	0.6308	0.6066	1
623	144665	0.5943	0.5906	0.6298	0.6059	0
624	144645	0.5943	0.5906	0.6304	0.6064	1
625	237745	0.5933	0.5907	0.6310	0.6069	1
626	237744	0.5933	0.5908	0.6316	0.6074	1
627	237746	0.5933	0.5908	0.6322	0.6079	1
628	85602	0.5933	0.5909	0.6328	0.6084	1
629	63885	0.5933	0.5910	0.6333	0.6089	1
630	63884	0.5933	0.5910	0.6339	0.6094	1
631	63881	0.5933	0.5911	0.6345	0.6099	1
632	123102	0.5931	0.5912	0.6335	0.6091	0
633	123100	0.5931	0.5912	0.6325	0.6083	0
634	123101	0.5931	0.5913	0.6315	0.6076	0
635	123103	0.5931	0.5914	0.6305	0.6068	0
636	255421	0.5930	0.5914	0.6295	0.6060	0
637	255422	0.5930	0.5915	0.6285	0.6053	0
638	255377	0.5930	0.5915	0.6291	0.6058	1
639	255385	0.5930	0.5916	0.6297	0.6063	1
640	154963	0.5930	0.5917	0.6303	0.6068	1
641	255384	0.5930	0.5917	0.6308	0.6072	1
642	250871	0.5923	0.5918	0.6314	0.6077	1
643	250872	0.5923	0.5918	0.6320	0.6082	1
644	250873	0.5923	0.5919	0.6326	0.6087	1
645	250889	0.5923	0.5920	0.6316	0.6080	0
646	250870	0.5923	0.5920	0.6321	0.6084	1
647	250874	0.5923	0.5921	0.6327	0.6089	1
648	243050	0.5910	0.5922	0.6317	0.6082	0
649	243052	0.5910	0.5922	0.6308	0.6074	0
650	243051	0.5910	0.5923	0.6298	0.6067	0
651	242959	0.5910	0.5923	0.6304	0.6072	1
652	242960	0.5910	0.5924	0.6309	0.6076	1
653	124010	0.5909	0.5924	0.6315	0.6081	1
654	124009	0.5909	0.5925	0.6321	0.6086	1
655	124008	0.5909	0.5926	0.6326	0.6091	1
656	111711	0.5905	0.5926	0.6317	0.6083	0
657	111683	0.5905	0.5927	0.6322	0.6088	1
658	111682	0.5905	0.5928	0.6328	0.6093	1
659	111710	0.5905	0.5928	0.6318	0.6085	0
660	111681	0.5905	0.5929	0.6324	0.6090	1
661	214766	0.5900	0.5929	0.6329	0.6095	1
662	214762	0.5900	0.5930	0.6335	0.6100	1
663	214767	0.5900	0.5931	0.6340	0.6104	1
664	214764	0.5900	0.5931	0.6346	0.6109	1
665	214765	0.5900	0.5932	0.6351	0.6114	1
666	224444	0.5900	0.5932	0.6357	0.6118	1
667	224450	0.5900	0.5933	0.6347	0.6111	0
668	224451	0.5900	0.5934	0.6338	0.6104	0
669	224449	0.5900	0.5934	0.6328	0.6096	0
670	37411	0.5896	0.5935	0.6334	0.6101	1
671	37410	0.5896	0.5935	0.6339	0.6106	1
672	37424	0.5896	0.5936	0.6330	0.6098	0
673	63926	0.5896	0.5937	0.6320	0.6091	0
674	63927	0.5896	0.5937	0.6311	0.6084	0
675	63909	0.5896	0.5938	0.6317	0.6089	1
676	63906	0.5896	0.5938	0.6322	0.6093	1
677	209081	0.5896	0.5939	0.6327	0.6098	1
678	209083	0.5896	0.5939	0.6333	0.6102	1
679	209082	0.5896	0.5940	0.6338	0.6107	1
680	104609	0.5893	0.5941	0.6344	0.6112	1
681	104610	0.5893	0.5941	0.6349	0.6116	1
682	104616	0.5893	0.5942	0.6340	0.6109	0
683	187144	0.5892	0.5942	0.6345	0.6114	1
684	187145	0.5892	0.5943	0.6350	0.6118	1
685	34009	0.5892	0.5944	0.6356	0.6123	1
686	34010	0.5892	0.5944	0.6361	0.6127	1
687	71481	0.5891	0.5945	0.6352	0.6120	0
688	71412	0.5891	0.5945	0.6357	0.6125	1
689	71411	0.5891	0.5946	0.6362	0.6129	1
690	99681	0.5859	0.5947	0.6353	0.6122	0
691	148969	0.5859	0.5947	0.6344	0.6115	0
692	58767	0.5858	0.5948	0.6349	0.6119	1
693	58768	0.5858	0.5948	0.6354	0.6124	1
694	58766	0.5858	0.5949	0.6360	0.6128	1
695	206233	0.5842	0.5950	0.6365	0.6133	1
696	206231	0.5842	0.5950	0.6370	0.6137	1
697	206232	0.5842	0.5951	0.6375	0.6142	1
698	265189	0.5842	0.5951	0.6381	0.6146	1
699	265190	0.5842	0.5952	0.6386	0.6151	1
700	265191	0.5842	0.5953	0.6391	0.6155	1
701	265125	0.5827	0.5953	0.6382	0.6148	0
702	265126	0.5827	0.5954	0.6373	0.6141	0
703	265124	0.5827	0.5954	0.6364	0.6134	0
704	258636	0.5823	0.5955	0.6369	0.6138	1
705	258635	0.5823	0.5956	0.6374	0.6143	1
706	258641	0.5823	0.5956	0.6379	0.6147	1
707	258646	0.5823	0.5957	0.6370	0.6140	0
708	171849	0.5817	0.5957	0.6375	0.6144	1
709	171874	0.5817	0.5958	0.6366	0.6138	0
710	171848	0.5817	0.5958	0.6371	0.6142	1
711	236493	0.5816	0.5959	0.6362	0.6135	0
712	236492	0.5816	0.5960	0.6353	0.6128	0
713	236483	0.5816	0.5960	0.6359	0.6132	1
714	141147	0.5815	0.5961	0.6364	0.6137	1
715	141144	0.5815	0.5961	0.6369	0.6141	1
716	141148	0.5815	0.5962	0.6374	0.6145	1
717	145794	0.5811	0.5962	0.6379	0.6150	1
718	145789	0.5811	0.5963	0.6384	0.6154	1
719	145790	0.5811	0.5964	0.6389	0.6158	1
720	146449	0.5805	0.5964	0.6394	0.6163	1
721	146448	0.5805	0.5965	0.6399	0.6167	1
722	146515	0.5805	0.5965	0.6390	0.6160	0
723	148537	0.5797	0.5966	0.6381	0.6153	0
724	148538	0.5797	0.5967	0.6372	0.6146	0
725	26648	0.5795	0.5967	0.6364	0.6140	0
726	26650	0.5795	0.5968	0.6355	0.6133	0
727	26649	0.5795	0.5968	0.6346	0.6126	0
728	26993	0.5793	0.5969	0.6351	0.6130	1
729	26994	0.5793	0.5969	0.6356	0.6135	1
730	171356	0.5793	0.5970	0.6347	0.6128	0
731	171358	0.5793	0.5970	0.6339	0.6121	0
732	171357	0.5793	0.5971	0.6330	0.6114	0
733	178204	0.5792	0.5971	0.6322	0.6108	0
734	178141	0.5792	0.5972	0.6327	0.6112	1
735	178140	0.5792	0.5972	0.6332	0.6116	1
736	178137	0.5792	0.5973	0.6336	0.6120	1
737	178138	0.5792	0.5973	0.6341	0.6125	1
738	178139	0.5792	0.5974	0.6346	0.6129	1
739	187156	0.5791	0.5974	0.6351	0.6133	1
740	187157	0.5791	0.5975	0.6356	0.6137	1
741	187155	0.5791	0.5975	0.6361	0.6141	1
742	195509	0.5789	0.5976	0.6353	0.6135	0
743	195455	0.5789	0.5976	0.6358	0.6139	1
744	195454	0.5789	0.5977	0.6362	0.6143	1
745	104527	0.5785	0.5977	0.6354	0.6136	0
746	104523	0.5785	0.5978	0.6359	0.6141	1
747	104522	0.5785	0.5978	0.6364	0.6145	1
748	95596	0.5782	0.5979	0.6368	0.6149	1
749	95595	0.5782	0.5979	0.6373	0.6153	1
750	95472	0.5782	0.5980	0.6365	0.6146	0
751	95597	0.5782	0.5980	0.6370	0.6151	1
752	95640	0.5782	0.5981	0.6361	0.6144	0
753	63181	0.5778	0.5981	0.6366	0.6148	1
754	63182	0.5778	0.5982	0.6371	0.6152	1
755	63236	0.5778	0.5982	0.6362	0.6146	0
756	63235	0.5778	0.5983	0.6354	0.6139	0
757	42044	0.5777	0.5983	0.6346	0.6133	0
758	42019	0.5777	0.5984	0.6350	0.6137	1
759	42043	0.5777	0.5984	0.6342	0.6130	0
760	105449	0.5773	0.5985	0.6334	0.6124	0
761	105452	0.5773	0.5985	0.6325	0.6117	0
762	141074	0.5772	0.5986	0.6330	0.6121	1
763	141072	0.5772	0.5986	0.6335	0.6125	1
764	141073	0.5772	0.5987	0.6340	0.6130	1
765	109927	0.5771	0.5987	0.6345	0.6134	1
766	109982	0.5771	0.5988	0.6336	0.6127	0
767	109981	0.5771	0.5988	0.6328	0.6121	0
768	165330	0.5771	0.5988	0.6320	0.6114	0
769	165319	0.5771	0.5989	0.6325	0.6118	1
770	165331	0.5771	0.5989	0.6316	0.6112	0
771	35254	0.5767	0.5990	0.6321	0.6116	1
772	9123	0.5767	0.5990	0.6326	0.6120	1
773	165317	0.5761	0.5991	0.6331	0.6124	1
774	165328	0.5761	0.5991	0.6323	0.6118	0
775	165312	0.5761	0.5991	0.6327	0.6122	1
776	160376	0.5759	0.5992	0.6332	0.6126	1
777	160386	0.5759	0.5992	0.6324	0.6119	0
778	160387	0.5759	0.5993	0.6316	0.6113	0
779	163929	0.5759	0.5993	0.6308	0.6107	0
780	163931	0.5759	0.5994	0.6300	0.6101	0
781	163930	0.5759	0.5994	0.6292	0.6094	0
782	163932	0.5759	0.5994	0.6284	0.6088	0
783	109556	0.5758	0.5995	0.6288	0.6092	1
784	109558	0.5758	0.5995	0.6280	0.6086	0
785	109555	0.5758	0.5995	0.6285	0.6090	1
786	109557	0.5758	0.5996	0.6277	0.6083	0
787	91621	0.5758	0.5996	0.6269	0.6077	0
788	176707	0.5736	0.5996	0.6261	0.6071	0
789	176709	0.5736	0.5997	0.6253	0.6065	0
790	14060	0.5736	0.5997	0.6245	0.6059	0
791	162411	0.5729	0.5997	0.6250	0.6063	1
792	162413	0.5729	0.5998	0.6255	0.6067	1
793	46249	0.5729	0.5998	0.6259	0.6071	1
794	162410	0.5729	0.5998	0.6264	0.6075	1
795	95430	0.5725	0.5999	0.6256	0.6069	0
796	95431	0.5725	0.5999	0.6248	0.6062	0
797	95429	0.5725	0.5999	0.6241	0.6056	0
798	228921	0.5723	0.6000	0.6233	0.6050	0
799	31153	0.5723	0.6000	0.6225	0.6044	0
800	228922	0.5723	0.6000	0.6217	0.6038	0
801	228920	0.5723	0.6000	0.6209	0.6032	0
802	158336	0.5721	0.6001	0.6202	0.6026	0
803	158335	0.5721	0.6001	0.6194	0.6020	0
804	158334	0.5721	0.6001	0.6186	0.6014	0
805	158333	0.5721	0.6001	0.6179	0.6008	0
806	225609	0.5719	0.6002	0.6183	0.6012	1
807	225608	0.5719	0.6002	0.6188	0.6016	1
808	225610	0.5719	0.6002	0.6193	0.6020	1
809	205850	0.5718	0.6002	0.6185	0.6014	0
810	148349	0.5718	0.6003	0.6190	0.6018	1
811	205831	0.5718	0.6003	0.6195	0.6022	1
812	205830	0.5718	0.6003	0.6199	0.6025	1
813	62296	0.5712	0.6003	0.6192	0.6020	0
814	62297	0.5712	0.6003	0.6184	0.6014	0
815	111106	0.5711	0.6004	0.6176	0.6008	0
816	91530	0.5711	0.6004	0.6169	0.6002	0
817	148573	0.5711	0.6004	0.6174	0.6006	1
818	148592	0.5711	0.6004	0.6166	0.6000	0
819	148591	0.5711	0.6004	0.6159	0.5994	0
820	148593	0.5711	0.6005	0.6151	0.5988	0
821	140257	0.5707	0.6005	0.6156	0.5992	1
822	140256	0.5707	0.6005	0.6160	0.5996	1
823	123767	0.5707	0.6005	0.6153	0.5990	0
824	123772	0.5707	0.6005	0.6145	0.5984	0
825	148757	0.5706	0.6006	0.6138	0.5978	0
826	148756	0.5706	0.6006	0.6131	0.5972	0
827	148758	0.5706	0.6006	0.6123	0.5966	0
828	239393	0.5701	0.6006	0.6128	0.5970	1
829	239449	0.5701	0.6006	0.6120	0.5965	0
830	239448	0.5701	0.6006	0.6113	0.5959	0
831	155250	0.5700	0.6006	0.6106	0.5953	0
832	155221	0.5700	0.6006	0.6110	0.5957	1
833	155251	0.5700	0.6007	0.6103	0.5951	0
834	253136	0.5698	0.6007	0.6108	0.5955	1
835	253182	0.5698	0.6007	0.6100	0.5949	0
836	253183	0.5698	0.6007	0.6093	0.5944	0
837	31793	0.5697	0.6007	0.6086	0.5938	0
838	31792	0.5697	0.6007	0.6079	0.5932	0
839	31794	0.5697	0.6007	0.6071	0.5926	0
840	64944	0.5696	0.6007	0.6076	0.5930	1
841	64987	0.5696	0.6007	0.6069	0.5925	0
842	64948	0.5696	0.6007	0.6074	0.5928	1
843	35622	0.5695	0.6007	0.6066	0.5923	0
844	149665	0.5695	0.6008	0.6071	0.5927	1
845	149680	0.5695	0.6008	0.6064	0.5921	0
846	51283	0.5693	0.6008	0.6057	0.5915	0
847	51279	0.5693	0.6008	0.6061	0.5919	1
848	51282	0.5693	0.6008	0.6054	0.5914	0
849	158103	0.5691	0.6008	0.6059	0.5918	1
850	158168	0.5691	0.6008	0.6052	0.5912	0
851	158169	0.5691	0.6008	0.6045	0.5906	0
852	82677	0.5690	0.6008	0.6049	0.5910	1
853	82683	0.5690	0.6008	0.6054	0.5914	1
854	82601	0.5690	0.6008	0.6058	0.5918	1
855	82629	0.5690	0.6008	0.6063	0.5922	1
856	82602	0.5690	0.6008	0.6068	0.5926	1
857	82680	0.5690	0.6008	0.6072	0.5929	1
858	82598	0.5690	0.6008	0.6077	0.5933	1
859	82600	0.5690	0.6008	0.6081	0.5937	1
860	82678	0.5690	0.6009	0.6086	0.5941	1
861	82599	0.5690	0.6009	0.6090	0.5945	1
862	203246	0.5689	0.6009	0.6083	0.5939	0
863	203244	0.5689	0.6009	0.6076	0.5934	0
864	203245	0.5689	0.6009	0.6069	0.5928	0
865	69368	0.5687	0.6009	0.6062	0.5923	0
866	178239	0.5687	0.6009	0.6055	0.5917	0
867	60874	0.5686	0.6009	0.6048	0.5911	0
868	200985	0.5686	0.6009	0.6041	0.5906	0
869	200987	0.5686	0.6009	0.6034	0.5900	0
870	200984	0.5686	0.6009	0.6028	0.5895	0
871	200983	0.5686	0.6009	0.6021	0.5889	0
872	168960	0.5683	0.6009	0.6025	0.5893	1
873	168962	0.5683	0.6009	0.6030	0.5897	1
874	168959	0.5683	0.6009	0.6034	0.5901	1
875	168961	0.5683	0.6009	0.6039	0.5905	1
876	135048	0.5683	0.6009	0.6032	0.5899	0
877	135047	0.5683	0.6009	0.6025	0.5894	0
878	160197	0.5682	0.6009	0.6018	0.5888	0
879	160198	0.5682	0.6009	0.6011	0.5883	0
880	160179	0.5682	0.6009	0.6016	0.5887	1
881	160181	0.5682	0.6009	0.6020	0.5890	1
882	160180	0.5682	0.6009	0.6025	0.5894	1
883	160182	0.5682	0.6009	0.6029	0.5898	1
884	160189	0.5682	0.6009	0.6034	0.5902	1
885	29860	0.5680	0.6009	0.6027	0.5896	0
886	29796	0.5680	0.6009	0.6032	0.5900	1
887	29861	0.5680	0.6009	0.6025	0.5895	0
888	56467	0.5677	0.6009	0.6018	0.5889	0
889	56465	0.5677	0.6009	0.6022	0.5893	1
890	56464	0.5677	0.6010	0.6027	0.5897	1
891	255935	0.5676	0.6010	0.6020	0.5891	0
892	255934	0.5676	0.6010	0.6013	0.5886	0
893	255925	0.5676	0.6010	0.6018	0.5890	1
894	63888	0.5675	0.6010	0.6022	0.5894	1
895	63887	0.5675	0.6010	0.6027	0.5897	1
896	136680	0.5668	0.6010	0.6031	0.5901	1
897	136682	0.5668	0.6010	0.6036	0.5905	1
898	136679	0.5668	0.6010	0.6040	0.5908	1
899	136681	0.5668	0.6010	0.6044	0.5912	1
900	115246	0.5664	0.6010	0.6049	0.5916	1
901	115245	0.5664	0.6010	0.6053	0.5919	1
902	115252	0.5664	0.6010	0.6047	0.5914	0
903	258165	0.5663	0.6010	0.6040	0.5909	0
904	258164	0.5663	0.6010	0.6033	0.5904	0
905	228608	0.5657	0.6010	0.6038	0.5907	1
906	228659	0.5657	0.6010	0.6031	0.5902	0
907	228660	0.5657	0.6010	0.6024	0.5897	0
908	228661	0.5657	0.6010	0.6018	0.5891	0
909	228627	0.5657	0.6010	0.6011	0.5886	0
910	228628	0.5657	0.6010	0.6004	0.5881	0
911	141263	0.5657	0.6010	0.5998	0.5876	0
912	228630	0.5657	0.6010	0.5991	0.5870	0
913	60038	0.5656	0.6010	0.5985	0.5865	0
914	207448	0.5656	0.6010	0.5978	0.5860	0
915	104525	0.5652	0.6010	0.5972	0.5855	0
916	104519	0.5652	0.6010	0.5976	0.5858	1
917	104520	0.5652	0.6010	0.5980	0.5862	1
918	104521	0.5652	0.6010	0.5985	0.5866	1
919	104518	0.5652	0.6010	0.5989	0.5869	1
920	104526	0.5652	0.6010	0.5983	0.5864	0
921	140882	0.5652	0.6010	0.5976	0.5859	0
922	140881	0.5652	0.6010	0.5970	0.5854	0
923	140806	0.5652	0.6010	0.5974	0.5858	1
924	140883	0.5652	0.6010	0.5968	0.5852	0
925	197271	0.5649	0.6009	0.5972	0.5856	1
926	197272	0.5649	0.6009	0.5976	0.5860	1
927	238604	0.5648	0.6009	0.5981	0.5863	1
928	238600	0.5648	0.6009	0.5985	0.5867	1
929	238615	0.5648	0.6009	0.5978	0.5862	0
930	167521	0.5646	0.6009	0.5983	0.5865	1
931	167520	0.5646	0.6009	0.5987	0.5869	1
932	167519	0.5646	0.6009	0.5991	0.5873	1
933	167561	0.5646	0.6009	0.5985	0.5868	0
934	211597	0.5645	0.6009	0.5979	0.5862	0
935	211554	0.5645	0.6009	0.5983	0.5866	1
936	211545	0.5645	0.6009	0.5987	0.5870	1
937	65410	0.5640	0.6009	0.5981	0.5865	0
938	65409	0.5640	0.6009	0.5974	0.5859	0
939	65388	0.5640	0.6009	0.5979	0.5863	1
940	178168	0.5638	0.6009	0.5972	0.5858	0
941	178107	0.5638	0.6009	0.5977	0.5862	1
942	178108	0.5638	0.6009	0.5981	0.5865	1
943	178167	0.5638	0.6009	0.5975	0.5860	0
944	164013	0.5637	0.6009	0.5968	0.5855	0
945	164012	0.5637	0.6009	0.5962	0.5850	0
946	163955	0.5637	0.6009	0.5966	0.5854	1
947	163954	0.5637	0.6009	0.5970	0.5857	1
948	209283	0.5629	0.6009	0.5975	0.5861	1
949	209284	0.5629	0.6009	0.5979	0.5864	1
950	186330	0.5627	0.6009	0.5973	0.5859	0
951	186329	0.5627	0.6009	0.5966	0.5854	0
952	186331	0.5627	0.6009	0.5960	0.5849	0
953	186332	0.5627	0.6008	0.5954	0.5844	0
954	228462	0.5624	0.6008	0.5958	0.5848	1
955	228461	0.5624	0.6008	0.5962	0.5851	1
956	67814	0.5624	0.6008	0.5967	0.5855	1
957	67815	0.5624	0.6008	0.5971	0.5858	1
958	67816	0.5624	0.6008	0.5975	0.5862	1
959	68005	0.5624	0.6008	0.5979	0.5865	1
960	67819	0.5624	0.6008	0.5983	0.5869	1
961	68025	0.5624	0.6008	0.5988	0.5872	1
962	243505	0.5622	0.6008	0.5981	0.5867	0
963	243501	0.5622	0.6008	0.5985	0.5871	1
964	243504	0.5622	0.6008	0.5979	0.5866	0
965	243503	0.5622	0.6008	0.5973	0.5861	0
966	227534	0.5618	0.6008	0.5967	0.5856	0
967	227535	0.5618	0.6008	0.5961	0.5851	0
968	227533	0.5618	0.6008	0.5955	0.5846	0
969	249153	0.5615	0.6008	0.5948	0.5841	0
970	249155	0.5615	0.6008	0.5942	0.5836	0
971	249154	0.5615	0.6008	0.5936	0.5832	0
972	178741	0.5614	0.6008	0.5940	0.5835	1
973	178742	0.5614	0.6008	0.5934	0.5830	0
974	134878	0.5607	0.6008	0.5938	0.5834	1
975	134889	0.5607	0.6007	0.5932	0.5829	0
976	134875	0.5607	0.6007	0.5937	0.5832	1
977	134879	0.5607	0.6007	0.5941	0.5836	1
978	158432	0.5606	0.6007	0.5945	0.5839	1
979	158434	0.5606	0.6007	0.5949	0.5843	1
980	228897	0.5606	0.6007	0.5953	0.5846	1
981	228954	0.5606	0.6007	0.5947	0.5841	0
982	228904	0.5606	0.6007	0.5951	0.5845	1
983	49998	0.5605	0.6007	0.5945	0.5840	0
984	49879	0.5605	0.6007	0.5949	0.5843	1
985	49999	0.5605	0.6007	0.5943	0.5838	0
986	168741	0.5599	0.6007	0.5937	0.5834	0
987	168743	0.5599	0.6007	0.5931	0.5829	0
988	168742	0.5599	0.6007	0.5925	0.5824	0
989	143839	0.5595	0.6006	0.5919	0.5819	0
990	143840	0.5595	0.6006	0.5913	0.5814	0
991	8996	0.5595	0.6006	0.5917	0.5818	1
992	143798	0.5595	0.6006	0.5921	0.5821	1
993	166024	0.5594	0.6006	0.5926	0.5825	1
994	166046	0.5594	0.6006	0.5920	0.5820	0
995	166026	0.5594	0.6006	0.5924	0.5823	1
996	166025	0.5594	0.6006	0.5928	0.5827	1
997	240226	0.5592	0.6006	0.5922	0.5822	0
998	240207	0.5592	0.6006	0.5926	0.5825	1
999	240224	0.5592	0.6006	0.5920	0.5821	0
1000	240225	0.5592	0.6006	0.5914	0.5816	0
1001	115444	0.5589	0.6005	0.5908	0.5811	0
1002	115443	0.5589	0.6005	0.5902	0.5806	0
1003	187716	0.5587	0.6005	0.5896	0.5802	0
1004	187712	0.5587	0.6005	0.5900	0.5805	1
1005	187717	0.5587	0.6005	0.5895	0.5800	0
1006	219998	0.5587	0.6005	0.5899	0.5804	1
1007	220102	0.5587	0.6005	0.5893	0.5799	0
1008	111298	0.5585	0.6005	0.5887	0.5794	0
1009	111299	0.5585	0.6005	0.5881	0.5790	0
1010	117344	0.5580	0.6004	0.5885	0.5793	1
1011	117370	0.5580	0.6004	0.5879	0.5789	0
1012	117369	0.5580	0.6004	0.5874	0.5784	0
1013	117371	0.5580	0.6004	0.5868	0.5779	0
1014	124480	0.5580	0.6004	0.5862	0.5775	0
1015	124481	0.5580	0.6004	0.5856	0.5770	0
1016	40288	0.5579	0.6004	0.5860	0.5773	1
1017	40287	0.5579	0.6004	0.5864	0.5777	1
1018	48138	0.5579	0.6003	0.5868	0.5780	1
1019	48137	0.5579	0.6003	0.5873	0.5783	1
1020	188535	0.5577	0.6003	0.5867	0.5779	0
1021	188533	0.5577	0.6003	0.5861	0.5774	0
1022	188534	0.5577	0.6003	0.5855	0.5770	0
1023	188532	0.5577	0.6003	0.5850	0.5765	0
1024	112596	0.5567	0.6003	0.5854	0.5768	1
1025	112595	0.5567	0.6002	0.5858	0.5772	1
1026	112604	0.5567	0.6002	0.5862	0.5775	1
1027	112603	0.5567	0.6002	0.5866	0.5778	1
1028	212279	0.5567	0.6002	0.5860	0.5774	0
1029	212280	0.5567	0.6002	0.5854	0.5769	0
1030	212277	0.5567	0.6002	0.5849	0.5765	0
1031	212278	0.5567	0.6002	0.5843	0.5760	0
1032	196964	0.5561	0.6001	0.5847	0.5764	1
1033	196963	0.5561	0.6001	0.5851	0.5767	1
1034	196965	0.5561	0.6001	0.5855	0.5770	1
1035	196955	0.5561	0.6001	0.5859	0.5774	1
1036	227983	0.5559	0.6001	0.5863	0.5777	1
1037	227992	0.5559	0.6001	0.5857	0.5772	0
1038	227991	0.5559	0.6001	0.5852	0.5768	0
1039	147863	0.5559	0.6000	0.5856	0.5771	1
1040	147883	0.5559	0.6000	0.5850	0.5767	0
1041	147882	0.5559	0.6000	0.5845	0.5762	0
1042	147884	0.5559	0.6000	0.5839	0.5758	0
1043	47676	0.5558	0.6000	0.5833	0.5753	0
1044	47671	0.5558	0.6000	0.5837	0.5756	1
1045	50933	0.5557	0.5999	0.5832	0.5752	0
1046	50863	0.5557	0.5999	0.5836	0.5755	1
1047	50932	0.5557	0.5999	0.5830	0.5751	0
1048	50931	0.5557	0.5999	0.5825	0.5746	0
1049	226798	0.5553	0.5999	0.5819	0.5742	0
1050	226799	0.5553	0.5999	0.5814	0.5737	0
1051	226800	0.5553	0.5998	0.5808	0.5733	0
1052	121360	0.5553	0.5998	0.5802	0.5728	0
1053	121359	0.5553	0.5998	0.5797	0.5724	0
1054	29618	0.5552	0.5998	0.5791	0.5720	0
1055	29616	0.5552	0.5998	0.5786	0.5715	0
1056	29617	0.5552	0.5997	0.5781	0.5711	0
1057	25911	0.5550	0.5997	0.5784	0.5714	1
1058	25910	0.5550	0.5997	0.5788	0.5717	1
1059	25966	0.5550	0.5997	0.5783	0.5713	0
1060	181330	0.5545	0.5997	0.5778	0.5709	0
1061	181329	0.5545	0.5996	0.5772	0.5704	0
1062	227907	0.5545	0.5996	0.5776	0.5707	1
1063	227908	0.5545	0.5996	0.5780	0.5711	1
1064	183684	0.5539	0.5996	0.5784	0.5714	1
1065	183711	0.5539	0.5996	0.5779	0.5710	0
1066	119658	0.5539	0.5995	0.5773	0.5705	0
1067	192427	0.5538	0.5995	0.5768	0.5701	0
1068	192428	0.5538	0.5995	0.5762	0.5697	0
1069	261257	0.5536	0.5995	0.5766	0.5700	1
1070	261259	0.5536	0.5995	0.5770	0.5703	1
1071	88594	0.5535	0.5994	0.5765	0.5699	0
1072	88519	0.5535	0.5994	0.5769	0.5702	1
1073	201795	0.5535	0.5994	0.5773	0.5705	1
1074	201796	0.5535	0.5994	0.5777	0.5709	1
1075	201794	0.5535	0.5994	0.5781	0.5712	1
1076	201799	0.5535	0.5993	0.5775	0.5708	0
1077	201791	0.5535	0.5993	0.5779	0.5711	1
1078	45301	0.5531	0.5993	0.5783	0.5714	1
1079	45303	0.5531	0.5993	0.5778	0.5710	0
1080	127666	0.5530	0.5993	0.5772	0.5705	0
1081	127669	0.5530	0.5992	0.5767	0.5701	0
1082	127670	0.5530	0.5992	0.5762	0.5697	0
1083	127668	0.5530	0.5992	0.5756	0.5692	0
1084	127667	0.5530	0.5992	0.5751	0.5688	0
1085	71479	0.5530	0.5991	0.5746	0.5684	0
1086	71480	0.5530	0.5991	0.5741	0.5680	0
1087	71397	0.5530	0.5991	0.5744	0.5683	1
1088	32098	0.5530	0.5991	0.5739	0.5679	0
1089	32099	0.5530	0.5991	0.5734	0.5674	0
1090	180098	0.5528	0.5990	0.5738	0.5678	1
1091	180102	0.5528	0.5990	0.5733	0.5673	0
1092	71768	0.5527	0.5990	0.5727	0.5669	0
1093	71769	0.5527	0.5990	0.5722	0.5665	0
1094	184362	0.5526	0.5989	0.5717	0.5661	0
1095	184313	0.5526	0.5989	0.5721	0.5664	1
1096	18428	0.5526	0.5989	0.5716	0.5660	0
1097	18427	0.5526	0.5989	0.5710	0.5655	0
1098	259233	0.5524	0.5988	0.5705	0.5651	0
1099	259232	0.5524	0.5988	0.5700	0.5647	0
1100	225191	0.5522	0.5988	0.5695	0.5643	0
1101	225190	0.5522	0.5988	0.5690	0.5639	0
1102	225100	0.5522	0.5987	0.5694	0.5642	1
1103	217077	0.5521	0.5987	0.5688	0.5638	0
1104	217079	0.5521	0.5987	0.5683	0.5633	0
1105	122155	0.5521	0.5986	0.5678	0.5629	0
1106	258619	0.5520	0.5986	0.5682	0.5633	1
1107	236907	0.5520	0.5986	0.5677	0.5628	0
1108	258628	0.5520	0.5986	0.5672	0.5624	0
1109	234310	0.5517	0.5985	0.5667	0.5620	0
1110	234285	0.5517	0.5985	0.5671	0.5623	1
1111	234309	0.5517	0.5985	0.5665	0.5619	0
1112	234308	0.5517	0.5984	0.5660	0.5615	0
1113	5796	0.5517	0.5984	0.5655	0.5611	0
1114	5795	0.5517	0.5984	0.5650	0.5607	0
1115	30271	0.5515	0.5984	0.5645	0.5603	0
1116	30256	0.5515	0.5983	0.5649	0.5606	1
1117	30254	0.5515	0.5983	0.5653	0.5609	1
1118	106183	0.5512	0.5983	0.5648	0.5605	0
1119	106110	0.5512	0.5982	0.5652	0.5608	1
1120	106182	0.5512	0.5982	0.5647	0.5604	0
1121	239502	0.5511	0.5982	0.5642	0.5600	0
1122	239501	0.5511	0.5981	0.5637	0.5596	0
1123	239500	0.5511	0.5981	0.5632	0.5592	0
1124	183603	0.5509	0.5981	0.5636	0.5595	1
1125	183620	0.5509	0.5981	0.5631	0.5591	0
1126	183619	0.5509	0.5980	0.5626	0.5587	0
1127	88627	0.5506	0.5980	0.5621	0.5583	0
1128	55224	0.5506	0.5980	0.5616	0.5579	0
1129	88626	0.5506	0.5979	0.5611	0.5575	0
1130	243037	0.5505	0.5979	0.5606	0.5571	0
1131	243038	0.5505	0.5979	0.5601	0.5567	0
1132	243036	0.5505	0.5978	0.5596	0.5563	0
1133	36872	0.5504	0.5978	0.5591	0.5559	0
1134	36873	0.5504	0.5978	0.5586	0.5555	0
1135	177889	0.5504	0.5977	0.5581	0.5551	0
1136	177860	0.5504	0.5977	0.5585	0.5554	1
1137	177888	0.5504	0.5977	0.5580	0.5550	0
1138	177859	0.5504	0.5976	0.5584	0.5553	1
1139	143362	0.5500	0.5976	0.5588	0.5556	1
1140	143370	0.5500	0.5975	0.5583	0.5552	0
1141	75780	0.5490	0.5975	0.5587	0.5555	1
1142	75814	0.5490	0.5975	0.5582	0.5552	0
1143	60604	0.5490	0.5974	0.5577	0.5548	0
1144	115760	0.5489	0.5974	0.5572	0.5544	0
1145	115762	0.5489	0.5974	0.5567	0.5540	0
1146	31751	0.5486	0.5973	0.5562	0.5536	0
1147	31750	0.5486	0.5973	0.5557	0.5532	0
1148	210832	0.5484	0.5973	0.5561	0.5535	1
1149	210831	0.5484	0.5972	0.5565	0.5538	1
1150	210830	0.5484	0.5972	0.5569	0.5541	1
1151	152752	0.5483	0.5972	0.5564	0.5537	0
1152	152754	0.5483	0.5971	0.5559	0.5533	0
1153	152753	0.5483	0.5971	0.5555	0.5529	0
1154	83236	0.5481	0.5971	0.5550	0.5525	0
1155	83149	0.5481	0.5970	0.5554	0.5529	1
1156	37221	0.5478	0.5970	0.5549	0.5525	0
1157	37220	0.5478	0.5969	0.5544	0.5521	0
1158	180248	0.5476	0.5969	0.5548	0.5524	1
1159	180249	0.5476	0.5969	0.5552	0.5527	1
1160	180244	0.5476	0.5968	0.5556	0.5530	1
1161	180241	0.5476	0.5968	0.5559	0.5533	1
1162	106090	0.5475	0.5968	0.5563	0.5537	1
1163	106091	0.5475	0.5967	0.5567	0.5540	1
1164	147119	0.5475	0.5967	0.5571	0.5543	1
1165	147118	0.5475	0.5967	0.5575	0.5546	1
1166	235554	0.5475	0.5966	0.5570	0.5542	0
1167	235551	0.5475	0.5966	0.5574	0.5545	1
1168	38144	0.5472	0.5966	0.5577	0.5548	1
1169	30623	0.5472	0.5965	0.5581	0.5552	1
1170	38145	0.5472	0.5965	0.5585	0.5555	1
1171	38143	0.5472	0.5965	0.5589	0.5558	1
1172	38142	0.5472	0.5964	0.5592	0.5561	1
1173	38146	0.5472	0.5964	0.5596	0.5564	1
1174	182895	0.5471	0.5964	0.5600	0.5567	1
1175	182890	0.5471	0.5963	0.5604	0.5570	1
1176	164322	0.5468	0.5963	0.5599	0.5566	0
1177	164321	0.5468	0.5963	0.5594	0.5562	0
1178	96366	0.5465	0.5962	0.5589	0.5559	0
1179	95731	0.5465	0.5962	0.5593	0.5562	1
1180	128553	0.5464	0.5962	0.5588	0.5558	0
1181	128554	0.5464	0.5962	0.5584	0.5554	0
1182	128552	0.5464	0.5961	0.5579	0.5550	0
1183	241279	0.5463	0.5961	0.5574	0.5546	0
1184	241243	0.5463	0.5961	0.5578	0.5549	1
1185	241242	0.5463	0.5960	0.5582	0.5552	1
1186	241277	0.5463	0.5960	0.5577	0.5549	0
1187	241278	0.5463	0.5960	0.5572	0.5545	0
1188	53853	0.5456	0.5959	0.5576	0.5548	1
1189	53844	0.5456	0.5959	0.5580	0.5551	1
1190	53854	0.5456	0.5959	0.5584	0.5554	1
1191	179107	0.5453	0.5958	0.5587	0.5557	1
1192	179126	0.5453	0.5958	0.5591	0.5560	1
1193	179125	0.5453	0.5958	0.5595	0.5563	1
1194	179106	0.5453	0.5957	0.5598	0.5566	1
1195	6771	0.5450	0.5957	0.5594	0.5562	0
1196	6774	0.5450	0.5957	0.5589	0.5558	0
1197	86467	0.5445	0.5956	0.5593	0.5562	1
1198	86466	0.5445	0.5956	0.5596	0.5565	1
1199	149508	0.5442	0.5956	0.5592	0.5561	0
1200	149478	0.5442	0.5956	0.5595	0.5564	1
1201	149507	0.5442	0.5955	0.5591	0.5560	0
1202	137317	0.5441	0.5955	0.5586	0.5556	0
1203	137294	0.5441	0.5955	0.5590	0.5559	1
1204	137316	0.5441	0.5954	0.5585	0.5555	0
1205	119779	0.5438	0.5954	0.5589	0.5558	1
1206	119824	0.5438	0.5954	0.5584	0.5555	0
1207	119780	0.5438	0.5953	0.5588	0.5558	1
1208	151799	0.5437	0.5953	0.5583	0.5554	0
1209	151798	0.5437	0.5953	0.5579	0.5550	0
1210	164074	0.5432	0.5953	0.5582	0.5553	1
1211	164076	0.5432	0.5952	0.5586	0.5556	1
1212	59628	0.5432	0.5952	0.5589	0.5559	1
1213	7553	0.5431	0.5952	0.5585	0.5555	0
1214	7556	0.5431	0.5951	0.5580	0.5552	0
1215	161812	0.5431	0.5951	0.5576	0.5548	0
1216	161811	0.5431	0.5951	0.5571	0.5544	0
1217	161735	0.5431	0.5950	0.5575	0.5547	1
1218	259315	0.5425	0.5950	0.5578	0.5550	1
1219	259377	0.5425	0.5950	0.5574	0.5546	0
1220	259316	0.5425	0.5949	0.5577	0.5549	1
1221	241083	0.5424	0.5949	0.5573	0.5546	0
1222	241082	0.5424	0.5949	0.5568	0.5542	0
1223	241081	0.5424	0.5949	0.5564	0.5538	0
1224	253817	0.5424	0.5948	0.5559	0.5535	0
1225	253818	0.5424	0.5948	0.5555	0.5531	0
1226	253819	0.5424	0.5948	0.5550	0.5527	0
1227	59865	0.5424	0.5947	0.5546	0.5523	0
1228	59853	0.5424	0.5947	0.5549	0.5526	1
1229	59866	0.5424	0.5947	0.5545	0.5523	0
1230	189548	0.5423	0.5946	0.5548	0.5526	1
1231	189554	0.5423	0.5946	0.5544	0.5522	0
1232	251648	0.5422	0.5946	0.5539	0.5518	0
1233	251647	0.5422	0.5945	0.5535	0.5515	0
1234	177985	0.5419	0.5945	0.5530	0.5511	0
1235	177919	0.5419	0.5945	0.5534	0.5514	1
1236	177986	0.5419	0.5944	0.5530	0.5510	0
1237	8084	0.5414	0.5944	0.5525	0.5507	0
1238	8083	0.5414	0.5944	0.5521	0.5503	0
1239	124258	0.5414	0.5943	0.5516	0.5499	0
1240	124147	0.5414	0.5943	0.5520	0.5502	1
1241	124156	0.5414	0.5943	0.5523	0.5505	1
1242	175582	0.5406	0.5942	0.5519	0.5502	0
1243	175583	0.5406	0.5942	0.5514	0.5498	0
1244	175386	0.5406	0.5942	0.5518	0.5501	1
1245	90227	0.5405	0.5941	0.5522	0.5504	1
1246	90246	0.5405	0.5941	0.5517	0.5500	0
1247	90226	0.5405	0.5941	0.5521	0.5503	1
1248	219639	0.5403	0.5940	0.5516	0.5500	0
1249	219631	0.5403	0.5940	0.5520	0.5503	1
1250	219630	0.5403	0.5940	0.5524	0.5506	1
1251	82101	0.5401	0.5939	0.5527	0.5509	1
1252	82093	0.5401	0.5939	0.5531	0.5512	1
1253	82112	0.5401	0.5939	0.5534	0.5514	1
1254	82113	0.5401	0.5938	0.5538	0.5517	1
1255	82114	0.5401	0.5938	0.5541	0.5520	1
1256	187292	0.5398	0.5938	0.5537	0.5517	0
1257	187293	0.5398	0.5937	0.5533	0.5513	0
1258	187182	0.5398	0.5937	0.5536	0.5516	1
1259	102328	0.5397	0.5937	0.5540	0.5519	1
1260	102333	0.5397	0.5936	0.5543	0.5522	1
1261	108441	0.5397	0.5936	0.5539	0.5518	0
1262	108442	0.5397	0.5936	0.5534	0.5515	0
1263	108301	0.5397	0.5935	0.5538	0.5518	1
1264	108443	0.5397	0.5935	0.5534	0.5514	0
1265	72224	0.5397	0.5935	0.5529	0.5510	0
1266	72225	0.5397	0.5934	0.5525	0.5507	0
1267	72223	0.5397	0.5934	0.5521	0.5503	0
1268	72226	0.5397	0.5934	0.5516	0.5500	0
1269	60710	0.5396	0.5933	0.5512	0.5496	0
1270	60688	0.5396	0.5933	0.5515	0.5499	1
1271	60711	0.5396	0.5933	0.5511	0.5496	0
1272	79845	0.5394	0.5932	0.5515	0.5498	1
1273	79844	0.5394	0.5932	0.5518	0.5501	1
1274	256106	0.5392	0.5932	0.5522	0.5504	1
1275	256107	0.5392	0.5931	0.5525	0.5507	1
1276	211540	0.5389	0.5931	0.5529	0.5510	1
1277	211582	0.5389	0.5931	0.5524	0.5507	0
1278	211552	0.5389	0.5931	0.5528	0.5509	1
1279	211583	0.5389	0.5930	0.5523	0.5506	0
1280	178602	0.5387	0.5930	0.5519	0.5502	0
1281	178600	0.5387	0.5930	0.5515	0.5499	0
1282	178591	0.5387	0.5929	0.5518	0.5502	1
1283	178601	0.5387	0.5929	0.5514	0.5498	0
1284	246149	0.5384	0.5929	0.5518	0.5501	1
1285	246150	0.5384	0.5928	0.5521	0.5504	1
1286	246147	0.5384	0.5928	0.5524	0.5507	1
1287	246298	0.5382	0.5928	0.5520	0.5503	0
1288	246243	0.5382	0.5927	0.5524	0.5506	1
1289	246273	0.5382	0.5927	0.5527	0.5509	1
1290	246274	0.5382	0.5927	0.5531	0.5512	1
1291	246255	0.5382	0.5926	0.5534	0.5515	1
1292	246256	0.5382	0.5926	0.5538	0.5518	1
1293	246299	0.5382	0.5926	0.5533	0.5514	0
1294	230495	0.5381	0.5926	0.5529	0.5511	0
1295	230482	0.5381	0.5925	0.5532	0.5513	1
1296	230494	0.5381	0.5925	0.5528	0.5510	0
1297	247457	0.5376	0.5925	0.5524	0.5506	0
1298	247421	0.5376	0.5924	0.5527	0.5509	1
1299	247458	0.5376	0.5924	0.5523	0.5506	0
1300	247456	0.5376	0.5924	0.5519	0.5502	0
1301	247417	0.5376	0.5923	0.5522	0.5505	1
1302	247443	0.5376	0.5923	0.5526	0.5508	1
1303	247420	0.5376	0.5923	0.5529	0.5511	1
1304	259961	0.5376	0.5922	0.5533	0.5514	1
1305	259964	0.5376	0.5922	0.5536	0.5516	1
1306	259963	0.5376	0.5922	0.5539	0.5519	1
1307	259988	0.5376	0.5922	0.5543	0.5522	1
1308	259962	0.5376	0.5921	0.5546	0.5525	1
1309	116917	0.5375	0.5921	0.5542	0.5521	0
1310	116920	0.5375	0.5921	0.5538	0.5518	0
1311	116918	0.5375	0.5920	0.5534	0.5515	0
1312	116919	0.5375	0.5920	0.5529	0.5511	0
1313	236452	0.5372	0.5920	0.5525	0.5508	0
1314	236451	0.5372	0.5920	0.5521	0.5504	0
1315	265317	0.5371	0.5919	0.5517	0.5501	0
1316	265316	0.5371	0.5919	0.5520	0.5504	1
1317	181270	0.5364	0.5919	0.5524	0.5506	1
1318	181286	0.5364	0.5918	0.5519	0.5503	0
1319	181285	0.5364	0.5918	0.5515	0.5499	0
1320	259264	0.5363	0.5918	0.5511	0.5496	0
1321	259265	0.5363	0.5917	0.5507	0.5493	0
1322	259266	0.5363	0.5917	0.5503	0.5489	0
1323	111869	0.5363	0.5917	0.5498	0.5486	0
1324	111868	0.5363	0.5916	0.5494	0.5482	0
1325	77201	0.5363	0.5916	0.5490	0.5479	0
1326	77200	0.5363	0.5916	0.5486	0.5476	0
1327	77194	0.5363	0.5915	0.5489	0.5478	1
1328	55599	0.5354	0.5915	0.5493	0.5481	1
1329	55598	0.5354	0.5915	0.5496	0.5484	1
1330	226850	0.5354	0.5915	0.5492	0.5481	0
1331	226849	0.5354	0.5914	0.5488	0.5477	0
1332	138505	0.5352	0.5914	0.5484	0.5474	0
1333	138504	0.5352	0.5914	0.5480	0.5470	0
1334	138503	0.5352	0.5913	0.5476	0.5467	0
1335	149485	0.5351	0.5913	0.5479	0.5470	1
1336	149477	0.5351	0.5913	0.5482	0.5473	1
1337	149484	0.5351	0.5912	0.5486	0.5475	1
1338	234116	0.5350	0.5912	0.5489	0.5478	1
1339	234142	0.5350	0.5912	0.5485	0.5475	0
1340	234141	0.5350	0.5911	0.5481	0.5471	0
1341	256760	0.5350	0.5911	0.5484	0.5474	1
1342	256775	0.5350	0.5911	0.5480	0.5471	0
1343	89555	0.5348	0.5910	0.5484	0.5474	1
1344	89548	0.5348	0.5910	0.5487	0.5476	1
1345	89556	0.5348	0.5910	0.5490	0.5479	1
1346	86210	0.5348	0.5909	0.5486	0.5476	0
1347	86201	0.5348	0.5909	0.5490	0.5479	1
1348	86209	0.5348	0.5909	0.5486	0.5475	0
1349	86208	0.5348	0.5908	0.5481	0.5472	0
1350	10742	0.5340	0.5908	0.5477	0.5469	0
1351	46223	0.5340	0.5908	0.5473	0.5465	0
1352	79207	0.5340	0.5907	0.5469	0.5462	0
1353	79210	0.5340	0.5907	0.5465	0.5459	0
1354	131909	0.5339	0.5907	0.5461	0.5455	0
1355	131908	0.5339	0.5906	0.5457	0.5452	0
1356	174918	0.5336	0.5906	0.5461	0.5455	1
1357	174917	0.5336	0.5906	0.5464	0.5458	1
1358	174919	0.5336	0.5906	0.5467	0.5460	1
1359	246693	0.5335	0.5905	0.5471	0.5463	1
1360	246724	0.5335	0.5905	0.5467	0.5460	0
1361	246725	0.5335	0.5905	0.5463	0.5456	0
1362	32988	0.5335	0.5904	0.5466	0.5459	1
1363	32989	0.5335	0.5904	0.5469	0.5462	1
1364	32965	0.5335	0.5904	0.5473	0.5465	1
1365	263094	0.5330	0.5903	0.5469	0.5461	0
1366	263003	0.5330	0.5903	0.5472	0.5464	1
1367	263095	0.5330	0.5903	0.5468	0.5461	0
1368	221585	0.5329	0.5902	0.5471	0.5464	1
1369	221584	0.5329	0.5902	0.5474	0.5466	1
1370	221583	0.5329	0.5902	0.5478	0.5469	1
1371	118127	0.5329	0.5901	0.5481	0.5472	1
1372	118415	0.5329	0.5901	0.5477	0.5468	0
1373	243524	0.5328	0.5901	0.5480	0.5471	1
1374	243523	0.5328	0.5900	0.5484	0.5474	1
1375	243533	0.5328	0.5900	0.5480	0.5471	0
1376	10437	0.5328	0.5900	0.5483	0.5473	1
1377	10431	0.5328	0.5900	0.5486	0.5476	1
1378	227975	0.5323	0.5899	0.5482	0.5473	0
1379	227974	0.5323	0.5899	0.5478	0.5469	0
1380	227922	0.5323	0.5899	0.5482	0.5472	1
1381	94083	0.5322	0.5898	0.5485	0.5475	1
1382	94090	0.5322	0.5898	0.5481	0.5472	0
1383	201107	0.5321	0.5898	0.5477	0.5468	0
1384	201106	0.5321	0.5897	0.5473	0.5465	0
1385	201108	0.5321	0.5897	0.5469	0.5462	0
1386	201088	0.5321	0.5897	0.5472	0.5465	1
1387	182982	0.5321	0.5897	0.5476	0.5467	1
1388	182983	0.5321	0.5896	0.5479	0.5470	1
1389	182971	0.5321	0.5896	0.5482	0.5473	1
1390	182981	0.5321	0.5896	0.5485	0.5475	1
1391	153866	0.5321	0.5895	0.5489	0.5478	1
1392	258430	0.5319	0.5895	0.5485	0.5475	0
1393	258317	0.5319	0.5895	0.5488	0.5477	1
1394	258301	0.5319	0.5894	0.5491	0.5480	1
1395	8253	0.5318	0.5894	0.5487	0.5477	0
1396	27378	0.5318	0.5894	0.5483	0.5474	0
1397	27377	0.5318	0.5894	0.5479	0.5470	0
1398	244573	0.5316	0.5893	0.5482	0.5473	1
1399	244572	0.5316	0.5893	0.5486	0.5476	1
1400	160932	0.5314	0.5893	0.5482	0.5472	0
1401	160930	0.5314	0.5892	0.5478	0.5469	0
1402	160931	0.5314	0.5892	0.5474	0.5466	0
1403	225102	0.5313	0.5892	0.5477	0.5469	1
1404	225194	0.5313	0.5892	0.5473	0.5465	0
1405	225149	0.5313	0.5891	0.5477	0.5468	1
1406	225126	0.5313	0.5891	0.5480	0.5471	1
1407	225146	0.5313	0.5891	0.5483	0.5473	1
1408	225147	0.5313	0.5890	0.5486	0.5476	1
1409	225148	0.5313	0.5890	0.5489	0.5479	1
1410	241802	0.5313	0.5890	0.5485	0.5476	0
1411	241804	0.5313	0.5889	0.5482	0.5472	0
1412	241803	0.5313	0.5889	0.5478	0.5469	0
1413	239271	0.5312	0.5889	0.5474	0.5466	0
1414	239270	0.5312	0.5889	0.5470	0.5463	0
1415	239272	0.5312	0.5888	0.5466	0.5460	0
1416	239273	0.5312	0.5888	0.5462	0.5456	0
1417	239269	0.5312	0.5888	0.5458	0.5453	0
1418	85014	0.5309	0.5887	0.5455	0.5450	0
1419	85015	0.5309	0.5887	0.5451	0.5447	0
1420	84934	0.5309	0.5887	0.5454	0.5450	1
1421	183065	0.5301	0.5886	0.5450	0.5446	0
1422	183044	0.5301	0.5886	0.5453	0.5449	1
1423	183064	0.5301	0.5886	0.5449	0.5446	0
1424	183063	0.5301	0.5886	0.5446	0.5443	0
1425	100298	0.5301	0.5885	0.5442	0.5440	0
1426	100272	0.5301	0.5885	0.5445	0.5442	1
1427	100261	0.5301	0.5885	0.5448	0.5445	1
1428	100297	0.5301	0.5884	0.5444	0.5442	0
1429	16817	0.5300	0.5884	0.5441	0.5439	0
1430	16816	0.5300	0.5884	0.5437	0.5435	0
1431	6669	0.5297	0.5883	0.5433	0.5432	0
1432	6263	0.5297	0.5883	0.5436	0.5435	1
1433	171434	0.5295	0.5883	0.5432	0.5432	0
1434	171433	0.5295	0.5882	0.5429	0.5429	0
1435	171413	0.5295	0.5882	0.5432	0.5431	1
1436	83722	0.5293	0.5882	0.5435	0.5434	1
1437	83710	0.5293	0.5882	0.5438	0.5437	1
1438	120730	0.5293	0.5881	0.5441	0.5439	1
1439	120731	0.5293	0.5881	0.5444	0.5442	1
1440	152680	0.5292	0.5881	0.5441	0.5439	0
1441	152670	0.5292	0.5880	0.5444	0.5441	1
1442	83711	0.5292	0.5880	0.5447	0.5444	1
1443	47268	0.5291	0.5880	0.5450	0.5446	1
1444	47348	0.5291	0.5879	0.5446	0.5443	0
1445	106087	0.5288	0.5879	0.5450	0.5446	1
1446	106088	0.5288	0.5879	0.5453	0.5449	1
1447	127738	0.5284	0.5879	0.5449	0.5445	0
1448	127739	0.5284	0.5878	0.5445	0.5442	0
1449	127740	0.5284	0.5878	0.5441	0.5439	0
1450	209459	0.5280	0.5878	0.5445	0.5442	1
1451	209461	0.5280	0.5877	0.5448	0.5444	1
1452	209460	0.5280	0.5877	0.5451	0.5447	1
1453	261072	0.5280	0.5877	0.5454	0.5450	1
1454	261071	0.5280	0.5876	0.5457	0.5452	1
1455	261070	0.5280	0.5876	0.5460	0.5455	1
1456	197125	0.5278	0.5876	0.5456	0.5452	0
1457	197127	0.5278	0.5876	0.5453	0.5449	0
1458	197126	0.5278	0.5875	0.5449	0.5445	0
1459	234269	0.5277	0.5875	0.5445	0.5442	0
1460	234193	0.5277	0.5875	0.5448	0.5445	1
1461	146631	0.5275	0.5874	0.5451	0.5448	1
1462	146629	0.5275	0.5874	0.5455	0.5450	1
1463	146632	0.5275	0.5874	0.5458	0.5453	1
1464	146630	0.5275	0.5874	0.5461	0.5455	1
1465	146625	0.5275	0.5873	0.5464	0.5458	1
1466	146636	0.5275	0.5873	0.5460	0.5455	0
1467	249360	0.5271	0.5873	0.5456	0.5452	0
1468	249359	0.5271	0.5872	0.5453	0.5449	0
1469	249361	0.5271	0.5872	0.5449	0.5446	0
1470	111610	0.5270	0.5872	0.5445	0.5442	0
1471	111609	0.5270	0.5872	0.5442	0.5439	0
1472	173793	0.5269	0.5871	0.5438	0.5436	0
1473	173795	0.5269	0.5871	0.5434	0.5433	0
1474	173794	0.5269	0.5871	0.5431	0.5430	0
1475	222353	0.5268	0.5870	0.5427	0.5427	0
1476	222352	0.5268	0.5870	0.5423	0.5424	0
1477	227711	0.5267	0.5870	0.5426	0.5427	1
1478	227720	0.5267	0.5869	0.5423	0.5424	0
1479	227721	0.5267	0.5869	0.5419	0.5421	0
1480	201210	0.5266	0.5869	0.5415	0.5418	0
1481	201211	0.5266	0.5869	0.5412	0.5415	0
1482	201212	0.5266	0.5868	0.5408	0.5412	0
1483	50795	0.5265	0.5868	0.5404	0.5409	0
1484	50796	0.5265	0.5868	0.5401	0.5406	0
1485	50794	0.5265	0.5867	0.5397	0.5403	0
1486	229170	0.5260	0.5867	0.5400	0.5405	1
1487	229179	0.5260	0.5867	0.5397	0.5402	0
1488	229178	0.5260	0.5866	0.5393	0.5399	0
1489	224358	0.5257	0.5866	0.5389	0.5396	0
1490	224315	0.5257	0.5866	0.5392	0.5399	1
1491	224357	0.5257	0.5865	0.5389	0.5396	0
1492	224356	0.5257	0.5865	0.5385	0.5393	0
1493	224309	0.5257	0.5865	0.5388	0.5395	1
1494	224359	0.5257	0.5864	0.5385	0.5392	0
1495	224308	0.5257	0.5864	0.5388	0.5395	1
1496	224312	0.5257	0.5864	0.5391	0.5397	1
1497	224360	0.5257	0.5863	0.5387	0.5394	0
1498	201165	0.5257	0.5863	0.5384	0.5391	0
1499	201137	0.5257	0.5863	0.5387	0.5394	1
1500	201164	0.5257	0.5863	0.5383	0.5391	0
1501	171132	0.5255	0.5862	0.5386	0.5394	1
1502	171134	0.5255	0.5862	0.5389	0.5396	1
1503	171133	0.5255	0.5862	0.5392	0.5399	1
1504	201898	0.5252	0.5861	0.5389	0.5396	0
1505	201897	0.5252	0.5861	0.5385	0.5393	0
1506	138502	0.5251	0.5861	0.5382	0.5390	0
1507	138466	0.5251	0.5860	0.5385	0.5392	1
1508	138501	0.5251	0.5860	0.5381	0.5389	0
1509	87339	0.5251	0.5860	0.5377	0.5386	0
1510	87338	0.5251	0.5859	0.5374	0.5383	0
1511	50919	0.5250	0.5859	0.5370	0.5380	0
1512	50920	0.5250	0.5859	0.5367	0.5377	0
1513	50921	0.5250	0.5858	0.5363	0.5375	0
1514	158288	0.5250	0.5858	0.5360	0.5372	0
1515	158289	0.5250	0.5858	0.5356	0.5369	0
1516	229508	0.5247	0.5857	0.5359	0.5371	1
1517	229533	0.5247	0.5857	0.5356	0.5368	0
1518	229507	0.5247	0.5857	0.5359	0.5371	1
1519	199369	0.5247	0.5856	0.5355	0.5368	0
1520	199375	0.5247	0.5856	0.5352	0.5365	0
1521	134775	0.5245	0.5856	0.5355	0.5367	1
1522	134818	0.5245	0.5855	0.5351	0.5365	0
1523	134819	0.5245	0.5855	0.5348	0.5362	0
1524	265049	0.5242	0.5855	0.5344	0.5359	0
1525	265048	0.5242	0.5854	0.5341	0.5356	0
1526	265000	0.5242	0.5854	0.5344	0.5358	1
1527	29769	0.5241	0.5854	0.5340	0.5355	0
1528	29768	0.5241	0.5853	0.5337	0.5352	0
1529	29770	0.5241	0.5853	0.5333	0.5350	0
1530	33142	0.5239	0.5853	0.5336	0.5352	1
1531	33141	0.5239	0.5852	0.5339	0.5355	1
1532	33133	0.5239	0.5852	0.5342	0.5357	1
1533	121251	0.5235	0.5852	0.5346	0.5360	1
1534	121282	0.5235	0.5851	0.5342	0.5357	0
1535	258213	0.5234	0.5851	0.5345	0.5359	1
1536	258276	0.5234	0.5851	0.5342	0.5356	0
1537	258205	0.5234	0.5850	0.5345	0.5359	1
1538	156917	0.5232	0.5850	0.5341	0.5356	0
1539	156918	0.5232	0.5850	0.5338	0.5353	0
1540	142223	0.5232	0.5849	0.5341	0.5356	1
1541	142222	0.5232	0.5849	0.5344	0.5358	1
1542	142219	0.5232	0.5849	0.5347	0.5361	1
1543	142218	0.5232	0.5848	0.5350	0.5363	1
1544	142220	0.5232	0.5848	0.5353	0.5366	1
1545	259005	0.5232	0.5848	0.5349	0.5363	0
1546	259006	0.5232	0.5847	0.5346	0.5360	0
1547	259007	0.5232	0.5847	0.5342	0.5357	0
1548	202334	0.5232	0.5847	0.5339	0.5354	0
1549	202333	0.5232	0.5846	0.5335	0.5351	0
1550	88518	0.5232	0.5846	0.5338	0.5354	1
1551	88523	0.5232	0.5846	0.5341	0.5356	1
1552	88643	0.5232	0.5845	0.5338	0.5353	0
1553	8544	0.5230	0.5845	0.5335	0.5350	0
1554	8522	0.5230	0.5845	0.5338	0.5353	1
1555	8521	0.5230	0.5845	0.5341	0.5355	1
1556	8520	0.5230	0.5844	0.5344	0.5358	1
1557	263330	0.5227	0.5844	0.5340	0.5355	0
1558	263329	0.5227	0.5844	0.5337	0.5352	0
1559	263310	0.5227	0.5843	0.5340	0.5355	1
1560	217362	0.5225	0.5843	0.5336	0.5352	0
1561	217351	0.5225	0.5843	0.5339	0.5354	1
1562	217361	0.5225	0.5842	0.5336	0.5351	0
1563	74721	0.5219	0.5842	0.5332	0.5349	0
1564	74720	0.5219	0.5842	0.5329	0.5346	0
1565	56253	0.5217	0.5841	0.5332	0.5348	1
1566	56264	0.5217	0.5841	0.5329	0.5345	0
1567	56265	0.5217	0.5841	0.5325	0.5343	0
1568	255924	0.5216	0.5840	0.5328	0.5345	1
1569	255926	0.5216	0.5840	0.5331	0.5348	1
1570	95160	0.5214	0.5840	0.5334	0.5350	1
1571	95265	0.5214	0.5839	0.5331	0.5347	0
1572	12215	0.5212	0.5839	0.5334	0.5350	1
1573	12273	0.5212	0.5839	0.5337	0.5352	1
1574	55064	0.5212	0.5838	0.5333	0.5349	0
1575	58400	0.5212	0.5838	0.5330	0.5346	0
1576	160266	0.5209	0.5838	0.5327	0.5344	0
1577	160252	0.5209	0.5837	0.5330	0.5346	1
1578	160267	0.5209	0.5837	0.5326	0.5343	0
1579	187345	0.5208	0.5837	0.5323	0.5340	0
1580	187340	0.5208	0.5836	0.5326	0.5343	1
1581	164030	0.5208	0.5836	0.5322	0.5340	0
1582	164031	0.5208	0.5836	0.5319	0.5337	0
1583	146332	0.5207	0.5835	0.5322	0.5340	1
1584	146333	0.5207	0.5835	0.5325	0.5342	1
1585	146313	0.5207	0.5835	0.5328	0.5345	1
1586	146356	0.5207	0.5834	0.5325	0.5342	0
1587	136962	0.5204	0.5834	0.5327	0.5344	1
1588	136955	0.5204	0.5834	0.5330	0.5347	1
1589	84368	0.5201	0.5834	0.5333	0.5349	1
1590	84303	0.5201	0.5833	0.5336	0.5352	1
1591	226733	0.5200	0.5833	0.5339	0.5354	1
1592	226732	0.5200	0.5833	0.5342	0.5356	1
1593	226779	0.5200	0.5832	0.5339	0.5354	0
1594	210108	0.5200	0.5832	0.5335	0.5351	0
1595	209752	0.5200	0.5832	0.5338	0.5353	1
1596	225134	0.5199	0.5831	0.5341	0.5356	1
1597	225170	0.5199	0.5831	0.5338	0.5353	0
1598	225092	0.5199	0.5831	0.5341	0.5355	1
1599	225169	0.5199	0.5830	0.5337	0.5352	0
1600	225168	0.5199	0.5830	0.5334	0.5350	0
1601	225133	0.5199	0.5830	0.5337	0.5352	1
1602	57692	0.5199	0.5829	0.5340	0.5355	1
1603	97536	0.5199	0.5829	0.5343	0.5357	1
1604	244561	0.5199	0.5829	0.5346	0.5359	1
1605	244562	0.5199	0.5829	0.5349	0.5362	1
1606	244556	0.5199	0.5828	0.5352	0.5364	1
1607	175271	0.5199	0.5828	0.5354	0.5367	1
1608	95330	0.5199	0.5828	0.5351	0.5364	0
1609	175270	0.5199	0.5827	0.5354	0.5366	1
1610	177399	0.5198	0.5827	0.5351	0.5363	0
1611	177398	0.5198	0.5827	0.5347	0.5361	0
1612	177400	0.5198	0.5827	0.5344	0.5358	0
1613	60633	0.5197	0.5826	0.5347	0.5360	1
1614	60645	0.5197	0.5826	0.5344	0.5357	0
1615	123582	0.5194	0.5826	0.5340	0.5355	0
1616	123584	0.5194	0.5825	0.5337	0.5352	0
1617	123583	0.5194	0.5825	0.5334	0.5349	0
1618	169195	0.5192	0.5825	0.5337	0.5352	1
1619	169212	0.5192	0.5824	0.5333	0.5349	0
1620	169193	0.5192	0.5824	0.5336	0.5351	1
1621	169196	0.5192	0.5824	0.5339	0.5354	1
1622	256172	0.5189	0.5824	0.5336	0.5351	0
1623	256171	0.5189	0.5823	0.5333	0.5348	0
1624	256173	0.5189	0.5823	0.5329	0.5345	0
1625	140610	0.5185	0.5823	0.5332	0.5348	1
1626	140609	0.5185	0.5822	0.5335	0.5350	1
1627	34778	0.5184	0.5822	0.5332	0.5347	0
1628	34779	0.5184	0.5822	0.5328	0.5345	0
1629	34777	0.5184	0.5821	0.5325	0.5342	0
1630	34780	0.5184	0.5821	0.5322	0.5339	0
1631	34699	0.5184	0.5821	0.5325	0.5342	1
1632	109955	0.5182	0.5820	0.5321	0.5339	0
1633	109956	0.5182	0.5820	0.5318	0.5336	0
1634	109957	0.5182	0.5820	0.5315	0.5334	0
1635	125257	0.5177	0.5820	0.5318	0.5336	1
1636	125272	0.5177	0.5819	0.5315	0.5333	0
1637	35334	0.5173	0.5819	0.5317	0.5336	1
1638	35368	0.5173	0.5819	0.5314	0.5333	0
1639	35369	0.5173	0.5818	0.5311	0.5330	0
1640	165798	0.5173	0.5818	0.5314	0.5333	1
1641	165796	0.5173	0.5818	0.5317	0.5335	1
1642	165823	0.5173	0.5817	0.5313	0.5332	0
1643	27031	0.5173	0.5817	0.5310	0.5329	0
1644	27010	0.5173	0.5817	0.5307	0.5327	0
1645	260029	0.5171	0.5816	0.5304	0.5324	0
1646	260023	0.5171	0.5816	0.5307	0.5326	1
1647	260028	0.5171	0.5816	0.5303	0.5324	0
1648	260016	0.5171	0.5816	0.5306	0.5326	1
1649	260017	0.5171	0.5815	0.5309	0.5328	1
1650	126518	0.5169	0.5815	0.5312	0.5331	1
1651	126559	0.5169	0.5815	0.5309	0.5328	0
1652	126560	0.5169	0.5814	0.5306	0.5325	0
1653	111493	0.5169	0.5814	0.5302	0.5323	0
1654	111494	0.5169	0.5814	0.5299	0.5320	0
1655	111495	0.5169	0.5813	0.5296	0.5317	0
1656	42823	0.5168	0.5813	0.5293	0.5315	0
1657	42783	0.5168	0.5813	0.5296	0.5317	1
1658	42782	0.5168	0.5812	0.5298	0.5319	1
1659	65733	0.5167	0.5812	0.5295	0.5317	0
1660	65732	0.5167	0.5812	0.5292	0.5314	0
1661	65734	0.5167	0.5812	0.5289	0.5312	0
1662	228111	0.5166	0.5811	0.5286	0.5309	0
1663	228112	0.5166	0.5811	0.5282	0.5306	0
1664	228110	0.5166	0.5811	0.5279	0.5304	0
1665	29589	0.5165	0.5810	0.5282	0.5306	1
1666	29585	0.5165	0.5810	0.5285	0.5308	1
1667	29623	0.5165	0.5810	0.5282	0.5306	0
1668	29622	0.5165	0.5809	0.5279	0.5303	0
1669	111307	0.5165	0.5809	0.5275	0.5300	0
1670	111301	0.5165	0.5809	0.5278	0.5303	1
1671	111308	0.5165	0.5808	0.5275	0.5300	0
1672	242868	0.5164	0.5808	0.5272	0.5297	0
1673	242857	0.5164	0.5808	0.5275	0.5300	1
1674	242869	0.5164	0.5807	0.5272	0.5297	0
1675	242867	0.5164	0.5807	0.5268	0.5294	0
1676	242866	0.5164	0.5807	0.5265	0.5292	0
1677	77594	0.5161	0.5806	0.5268	0.5294	1
1678	77595	0.5161	0.5806	0.5271	0.5297	1
1679	77596	0.5161	0.5806	0.5274	0.5299	1
1680	228863	0.5160	0.5805	0.5271	0.5296	0
1681	228862	0.5160	0.5805	0.5268	0.5294	0
1682	228834	0.5160	0.5805	0.5270	0.5296	1
1683	169085	0.5160	0.5804	0.5267	0.5293	0
1684	169087	0.5160	0.5804	0.5264	0.5291	0
1685	169086	0.5160	0.5804	0.5261	0.5288	0
1686	175723	0.5159	0.5804	0.5258	0.5285	0
1687	175707	0.5159	0.5803	0.5261	0.5288	1
1688	175721	0.5159	0.5803	0.5258	0.5285	0
1689	175722	0.5159	0.5803	0.5254	0.5283	0
1690	168817	0.5159	0.5802	0.5251	0.5280	0
1691	168816	0.5159	0.5802	0.5248	0.5277	0
1692	168815	0.5159	0.5802	0.5245	0.5275	0
1693	89346	0.5159	0.5801	0.5242	0.5272	0
1694	161744	0.5157	0.5801	0.5245	0.5275	1
1695	161825	0.5157	0.5801	0.5242	0.5272	0
1696	161743	0.5157	0.5800	0.5245	0.5274	1
1697	203020	0.5156	0.5800	0.5241	0.5272	0
1698	203007	0.5156	0.5800	0.5244	0.5274	1
1699	248699	0.5155	0.5799	0.5241	0.5271	0
1700	248701	0.5155	0.5799	0.5238	0.5269	0
1701	248700	0.5155	0.5799	0.5235	0.5266	0
1702	189875	0.5154	0.5798	0.5232	0.5264	0
1703	189873	0.5154	0.5798	0.5229	0.5261	0
1704	189874	0.5154	0.5798	0.5226	0.5259	0
1705	119762	0.5154	0.5797	0.5229	0.5261	1
1706	119820	0.5154	0.5797	0.5226	0.5258	0
1707	119776	0.5154	0.5797	0.5228	0.5261	1
1708	16555	0.5153	0.5796	0.5225	0.5258	0
1709	16319	0.5153	0.5796	0.5222	0.5256	0
1710	10319	0.5152	0.5796	0.5219	0.5253	0
1711	10318	0.5152	0.5795	0.5216	0.5250	0
1712	261237	0.5151	0.5795	0.5213	0.5248	0
1713	261238	0.5151	0.5795	0.5210	0.5245	0
1714	245893	0.5151	0.5794	0.5213	0.5248	1
1715	245911	0.5151	0.5794	0.5216	0.5250	1
1716	245909	0.5151	0.5794	0.5218	0.5252	1
1717	245910	0.5151	0.5793	0.5221	0.5255	1
1718	245942	0.5151	0.5793	0.5218	0.5252	0
1719	245925	0.5151	0.5793	0.5221	0.5254	1
1720	138564	0.5148	0.5792	0.5218	0.5252	0
1721	138554	0.5148	0.5792	0.5221	0.5254	1
1722	207513	0.5147	0.5792	0.5218	0.5251	0
1723	207489	0.5147	0.5791	0.5220	0.5254	1
1724	207478	0.5147	0.5791	0.5223	0.5256	1
1725	79537	0.5147	0.5791	0.5226	0.5258	1
1726	79536	0.5147	0.5790	0.5229	0.5261	1
1727	91038	0.5146	0.5790	0.5226	0.5258	0
1728	91034	0.5146	0.5790	0.5223	0.5256	0
1729	147939	0.5143	0.5789	0.5220	0.5253	0
1730	147924	0.5143	0.5789	0.5222	0.5255	1
1731	147938	0.5143	0.5789	0.5225	0.5258	1
1732	147940	0.5143	0.5788	0.5222	0.5255	0
1733	147941	0.5143	0.5788	0.5219	0.5253	0
1734	147942	0.5143	0.5788	0.5216	0.5250	0
1735	163611	0.5143	0.5787	0.5213	0.5248	0
1736	163604	0.5143	0.5787	0.5216	0.5250	1
1737	182752	0.5139	0.5787	0.5219	0.5252	1
1738	182818	0.5139	0.5786	0.5216	0.5250	0
1739	182819	0.5139	0.5786	0.5213	0.5247	0
1740	7180	0.5139	0.5786	0.5210	0.5245	0
1741	7175	0.5139	0.5785	0.5207	0.5242	0
1742	174883	0.5139	0.5785	0.5204	0.5240	0
1743	174810	0.5139	0.5785	0.5206	0.5242	1
1744	113832	0.5139	0.5784	0.5203	0.5239	0
1745	113386	0.5139	0.5784	0.5206	0.5242	1
1746	113833	0.5139	0.5784	0.5203	0.5239	0
1747	253422	0.5139	0.5783	0.5206	0.5241	1
1748	248718	0.5139	0.5783	0.5209	0.5244	1
1749	249244	0.5138	0.5783	0.5211	0.5246	1
1750	249245	0.5138	0.5782	0.5214	0.5248	1
1751	249243	0.5138	0.5782	0.5217	0.5250	1
1752	51584	0.5136	0.5782	0.5214	0.5248	0
1753	51583	0.5136	0.5781	0.5211	0.5245	0
1754	51582	0.5136	0.5781	0.5208	0.5243	0
1755	35998	0.5133	0.5781	0.5205	0.5240	0
1756	35996	0.5133	0.5780	0.5202	0.5238	0
1757	36000	0.5133	0.5780	0.5199	0.5235	0
1758	35999	0.5133	0.5780	0.5196	0.5233	0
1759	35997	0.5133	0.5779	0.5193	0.5231	0
1760	153945	0.5133	0.5779	0.5196	0.5233	1
1761	154071	0.5133	0.5779	0.5193	0.5230	0
1762	153944	0.5133	0.5778	0.5196	0.5233	1
1763	35732	0.5132	0.5778	0.5193	0.5230	0
1764	35733	0.5132	0.5778	0.5190	0.5228	0
1765	35734	0.5132	0.5777	0.5187	0.5225	0
1766	207783	0.5131	0.5777	0.5184	0.5223	0
1767	207782	0.5131	0.5777	0.5181	0.5220	0
1768	207784	0.5131	0.5776	0.5178	0.5218	0
1769	82174	0.5128	0.5776	0.5175	0.5215	0
1770	82164	0.5128	0.5776	0.5178	0.5218	1
1771	102123	0.5128	0.5775	0.5175	0.5215	0
1772	102104	0.5128	0.5775	0.5178	0.5217	1
1773	160328	0.5127	0.5775	0.5175	0.5215	0
1774	160329	0.5127	0.5774	0.5172	0.5212	0
1775	149593	0.5124	0.5774	0.5169	0.5210	0
1776	149594	0.5124	0.5774	0.5166	0.5208	0
1777	149592	0.5124	0.5773	0.5163	0.5205	0
1778	112381	0.5124	0.5773	0.5160	0.5203	0
1779	112380	0.5124	0.5773	0.5157	0.5200	0
1780	46405	0.5123	0.5772	0.5160	0.5203	1
1781	46407	0.5123	0.5772	0.5163	0.5205	1
1782	46408	0.5123	0.5772	0.5165	0.5207	1
1783	229198	0.5120	0.5771	0.5163	0.5205	0
1784	229197	0.5120	0.5771	0.5160	0.5202	0
1785	43972	0.5119	0.5771	0.5157	0.5200	0
1786	43971	0.5119	0.5770	0.5154	0.5197	0
1787	21553	0.5118	0.5770	0.5151	0.5195	0
1788	21546	0.5118	0.5770	0.5148	0.5192	0
1789	230917	0.5117	0.5769	0.5145	0.5190	0
1790	230915	0.5117	0.5769	0.5142	0.5188	0
1791	115249	0.5116	0.5769	0.5140	0.5185	0
1792	115243	0.5116	0.5768	0.5142	0.5187	1
1793	115242	0.5116	0.5768	0.5145	0.5190	1
1794	174250	0.5115	0.5767	0.5142	0.5187	0
1795	174249	0.5115	0.5767	0.5139	0.5185	0
1796	174251	0.5115	0.5767	0.5136	0.5182	0
1797	53823	0.5114	0.5766	0.5139	0.5185	1
1798	53822	0.5114	0.5766	0.5142	0.5187	1
1799	53840	0.5114	0.5766	0.5139	0.5185	0
1800	131798	0.5111	0.5765	0.5142	0.5187	1
1801	131791	0.5111	0.5765	0.5144	0.5189	1
1802	131799	0.5111	0.5765	0.5147	0.5191	1
1803	134348	0.5110	0.5764	0.5144	0.5189	0
1804	134346	0.5110	0.5764	0.5141	0.5186	0
1805	79880	0.5106	0.5764	0.5138	0.5184	0
1806	79881	0.5106	0.5763	0.5136	0.5182	0
1807	206252	0.5104	0.5763	0.5133	0.5179	0
1808	206248	0.5104	0.5763	0.5135	0.5181	1
1809	6337	0.5102	0.5762	0.5133	0.5179	0
1810	6346	0.5102	0.5762	0.5130	0.5177	0
1811	189506	0.5100	0.5762	0.5132	0.5179	1
1812	189504	0.5100	0.5761	0.5135	0.5181	1
1813	189518	0.5100	0.5761	0.5132	0.5179	0
1814	132109	0.5100	0.5761	0.5129	0.5176	0
1815	132108	0.5100	0.5760	0.5127	0.5174	0
