0	51845	0.9026	0.0000	0.0000	0.0000	0
1	51842	0.9026	0.0000	0.0000	0.0000	0
2	51843	0.9026	0.0000	0.0000	0.0000	0
3	51846	0.9026	0.0000	0.0000	0.0000	0
4	51833	0.9026	0.0400	0.2000	0.1312	1
5	51841	0.9026	0.0611	0.1667	0.1171	0
6	51832	0.9026	0.0932	0.2857	0.1980	1
7	51844	0.9026	0.1128	0.2500	0.1822	0
8	6805	0.7536	0.1373	0.3333	0.2400	1
9	6854	0.7536	0.1536	0.3000	0.2248	0
10	6806	0.7536	0.1727	0.3636	0.2696	1
11	6807	0.7536	0.1930	0.4167	0.3084	1
12	153818	0.7339	0.2077	0.3846	0.2932	0
13	153722	0.7339	0.2235	0.4286	0.3255	1
14	153819	0.7339	0.2353	0.4000	0.3116	0
15	153820	0.7339	0.2440	0.3750	0.2991	0
16	153817	0.7339	0.2504	0.3529	0.2878	0
17	146706	0.6696	0.2550	0.3333	0.2775	0
18	146692	0.6696	0.2610	0.3684	0.3020	1
19	146705	0.6696	0.2654	0.3500	0.2923	0
20	146707	0.6696	0.2687	0.3333	0.2833	0
21	146693	0.6696	0.2730	0.3636	0.3044	1
22	146691	0.6696	0.2781	0.3913	0.3241	1
23	146694	0.6696	0.2839	0.4167	0.3425	1
24	66831	0.6626	0.2902	0.4400	0.3597	1
25	66900	0.6626	0.2953	0.4231	0.3506	0
26	66899	0.6626	0.2994	0.4074	0.3421	0
27	66832	0.6626	0.3040	0.4286	0.3576	1
28	66833	0.6626	0.3090	0.4483	0.3722	1
29	109722	0.6595	0.3132	0.4333	0.3640	0
30	109578	0.6595	0.3176	0.4516	0.3776	1
31	109577	0.6595	0.3223	0.4688	0.3905	1
32	109721	0.6595	0.3263	0.4545	0.3826	0
33	42420	0.6566	0.3306	0.4706	0.3947	1
34	42633	0.6566	0.3342	0.4571	0.3872	0
35	42421	0.6566	0.3380	0.4722	0.3986	1
36	110251	0.6477	0.3413	0.4595	0.3913	0
37	110252	0.6477	0.3441	0.4474	0.3844	0
38	110259	0.6477	0.3465	0.4359	0.3778	0
39	149450	0.6435	0.3491	0.4500	0.3883	1
40	149434	0.6435	0.3518	0.4634	0.3983	1
41	149448	0.6435	0.3548	0.4762	0.4080	1
42	149449	0.6435	0.3579	0.4884	0.4173	1
43	149523	0.6435	0.3606	0.4773	0.4109	0
44	132594	0.6432	0.3630	0.4667	0.4047	0
45	132595	0.6432	0.3650	0.4565	0.3987	0
46	132593	0.6432	0.3668	0.4468	0.3930	0
47	48106	0.6424	0.3687	0.4583	0.4016	1
48	48246	0.6424	0.3703	0.4490	0.3960	0
49	48096	0.6424	0.3721	0.4600	0.4042	1
50	48107	0.6424	0.3740	0.4706	0.4122	1
51	48097	0.6424	0.3761	0.4808	0.4200	1
52	48245	0.6424	0.3779	0.4717	0.4145	0
53	57979	0.6361	0.3798	0.4815	0.4220	1
54	57977	0.6361	0.3818	0.4909	0.4292	1
55	57978	0.6361	0.3839	0.5000	0.4362	1
56	132590	0.6317	0.3858	0.4912	0.4310	0
57	132588	0.6317	0.3875	0.4828	0.4258	0
58	132591	0.6317	0.3890	0.4746	0.4208	0
59	132589	0.6317	0.3903	0.4667	0.4160	0
60	75007	0.6304	0.3917	0.4754	0.4226	1
61	75006	0.6304	0.3931	0.4839	0.4291	1
62	75044	0.6304	0.3945	0.4762	0.4244	0
63	75005	0.6304	0.3959	0.4844	0.4306	1
64	46421	0.6265	0.3973	0.4923	0.4367	1
65	66589	0.6265	0.3987	0.4848	0.4321	0
66	66542	0.6265	0.4001	0.4925	0.4380	1
67	66543	0.6265	0.4015	0.5000	0.4438	1
68	66539	0.6265	0.4031	0.5072	0.4494	1
69	66544	0.6265	0.4047	0.5143	0.4549	1
70	66541	0.6265	0.4063	0.5211	0.4603	1
71	6224	0.6251	0.4078	0.5139	0.4558	0
72	6123	0.6251	0.4093	0.5205	0.4610	1
73	6225	0.6251	0.4107	0.5135	0.4567	0
74	6226	0.6251	0.4120	0.5067	0.4524	0
75	149720	0.6208	0.4134	0.5132	0.4575	1
76	149788	0.6208	0.4146	0.5065	0.4533	0
77	149787	0.6208	0.4157	0.5000	0.4492	0
78	149786	0.6208	0.4167	0.4937	0.4452	0
79	149789	0.6208	0.4175	0.4875	0.4412	0
80	149719	0.6208	0.4185	0.4938	0.4461	1
81	48209	0.6197	0.4193	0.4878	0.4423	0
82	48210	0.6197	0.4201	0.4819	0.4385	0
83	48207	0.6197	0.4207	0.4762	0.4348	0
84	48208	0.6197	0.4213	0.4706	0.4312	0
85	83273	0.6194	0.4218	0.4651	0.4276	0
86	83271	0.6194	0.4223	0.4598	0.4241	0
87	80125	0.6162	0.4226	0.4545	0.4207	0
88	80126	0.6162	0.4229	0.4494	0.4173	0
89	80117	0.6162	0.4233	0.4556	0.4219	1
90	91716	0.6151	0.4236	0.4505	0.4186	0
91	91587	0.6151	0.4240	0.4565	0.4231	1
92	91607	0.6151	0.4244	0.4624	0.4276	1
93	91715	0.6151	0.4247	0.4574	0.4243	0
94	48672	0.6151	0.4250	0.4526	0.4211	0
95	48673	0.6151	0.4253	0.4479	0.4180	0
96	48674	0.6151	0.4254	0.4433	0.4149	0
97	37761	0.6141	0.4257	0.4490	0.4192	1
98	38351	0.6141	0.4259	0.4444	0.4161	0
99	16548	0.6120	0.4261	0.4500	0.4203	1
100	16527	0.6120	0.4264	0.4554	0.4244	1
101	16715	0.6120	0.4267	0.4510	0.4215	0
102	16714	0.6120	0.4268	0.4466	0.4185	0
103	66241	0.6119	0.4270	0.4423	0.4156	0
104	66239	0.6119	0.4271	0.4381	0.4128	0
105	66236	0.6119	0.4273	0.4434	0.4168	1
106	66240	0.6119	0.4274	0.4393	0.4140	0
107	66242	0.6119	0.4274	0.4352	0.4112	0
108	132776	0.6035	0.4275	0.4312	0.4085	0
109	132728	0.6035	0.4276	0.4364	0.4123	1
110	132775	0.6035	0.4276	0.4324	0.4097	0
111	132777	0.6035	0.4276	0.4286	0.4070	0
112	132774	0.6035	0.4276	0.4248	0.4044	0
113	53874	0.6030	0.4275	0.4211	0.4018	0
114	53873	0.6030	0.4274	0.4174	0.3993	0
115	53875	0.6030	0.4273	0.4138	0.3968	0
116	12234	0.6028	0.4272	0.4103	0.3944	0
117	12233	0.6028	0.4270	0.4068	0.3919	0
118	101421	0.6016	0.4268	0.4034	0.3895	0
119	101422	0.6016	0.4266	0.4000	0.3872	0
120	101404	0.6016	0.4264	0.4050	0.3909	1
121	101423	0.6016	0.4262	0.4016	0.3885	0
122	19199	0.5997	0.4260	0.4065	0.3922	1
123	19200	0.5997	0.4259	0.4113	0.3957	1
124	19385	0.5997	0.4258	0.4080	0.3934	0
125	19384	0.5997	0.4256	0.4048	0.3911	0
126	145951	0.5994	0.4254	0.4016	0.3889	0
127	145952	0.5994	0.4252	0.3984	0.3867	0
128	145953	0.5994	0.4250	0.3953	0.3845	0
129	145954	0.5994	0.4247	0.3923	0.3823	0
130	44184	0.5993	0.4245	0.3969	0.3858	1
131	44183	0.5993	0.4243	0.4015	0.3892	1
132	44214	0.5993	0.4241	0.3985	0.3870	0
133	44213	0.5993	0.4239	0.3955	0.3849	0
134	44182	0.5993	0.4238	0.4000	0.3883	1
135	27710	0.5982	0.4236	0.4044	0.3916	1
136	27711	0.5982	0.4235	0.4088	0.3948	1
137	27671	0.5982	0.4234	0.4130	0.3980	1
138	16174	0.5967	0.4233	0.4101	0.3959	0
139	16173	0.5967	0.4232	0.4071	0.3939	0
140	130613	0.5943	0.4231	0.4043	0.3918	0
141	130595	0.5943	0.4230	0.4085	0.3949	1
142	130594	0.5943	0.4229	0.4126	0.3981	1
143	78111	0.5931	0.4228	0.4097	0.3960	0
144	78108	0.5931	0.4227	0.4069	0.3940	0
145	78110	0.5931	0.4226	0.4041	0.3920	0
146	78109	0.5931	0.4224	0.4014	0.3901	0
147	133984	0.5930	0.4223	0.3986	0.3881	0
148	133945	0.5930	0.4221	0.4027	0.3912	1
149	133943	0.5930	0.4220	0.4067	0.3941	1
150	133983	0.5930	0.4219	0.4040	0.3922	0
151	133942	0.5930	0.4218	0.4079	0.3952	1
152	133935	0.5930	0.4218	0.4118	0.3981	1
153	27856	0.5910	0.4217	0.4091	0.3962	0
154	27854	0.5910	0.4216	0.4065	0.3943	0
155	27855	0.5910	0.4215	0.4038	0.3924	0
156	27686	0.5910	0.4214	0.4076	0.3953	1
157	27687	0.5910	0.4213	0.4114	0.3981	1
158	35729	0.5900	0.4212	0.4088	0.3963	0
159	35723	0.5900	0.4212	0.4125	0.3991	1
160	35728	0.5900	0.4211	0.4099	0.3972	0
161	35730	0.5900	0.4210	0.4074	0.3954	0
162	28650	0.5859	0.4209	0.4049	0.3936	0
163	18263	0.5859	0.4208	0.4024	0.3918	0
164	99802	0.5859	0.4207	0.4000	0.3901	0
165	99801	0.5859	0.4205	0.3976	0.3883	0
166	99711	0.5859	0.4204	0.4012	0.3910	1
167	99722	0.5859	0.4203	0.4048	0.3937	1
168	133152	0.5805	0.4203	0.4083	0.3964	1
169	133206	0.5805	0.4202	0.4059	0.3947	0
170	133153	0.5805	0.4201	0.4094	0.3973	1
171	48179	0.5793	0.4200	0.4070	0.3956	0
172	48178	0.5793	0.4200	0.4046	0.3939	0
173	48180	0.5793	0.4199	0.4023	0.3922	0
174	110448	0.5789	0.4198	0.4057	0.3948	1
175	110499	0.5789	0.4197	0.4034	0.3931	0
176	110447	0.5789	0.4196	0.4068	0.3957	1
177	125862	0.5780	0.4196	0.4101	0.3982	1
178	125966	0.5780	0.4195	0.4078	0.3965	0
179	125965	0.5780	0.4194	0.4056	0.3949	0
180	57267	0.5774	0.4194	0.4088	0.3974	1
181	57284	0.5774	0.4193	0.4066	0.3958	0
182	57286	0.5774	0.4192	0.4044	0.3941	0
183	57285	0.5774	0.4191	0.4022	0.3925	0
184	57283	0.5774	0.4190	0.4000	0.3910	0
185	50279	0.5771	0.4189	0.4032	0.3934	1
186	50339	0.5771	0.4188	0.4011	0.3918	0
187	50340	0.5771	0.4187	0.3989	0.3903	0
188	155475	0.5768	0.4186	0.3968	0.3887	0
189	155474	0.5768	0.4185	0.3947	0.3872	0
190	155473	0.5768	0.4183	0.3927	0.3857	0
191	146002	0.5723	0.4182	0.3906	0.3842	0
192	146003	0.5723	0.4180	0.3886	0.3827	0
193	146004	0.5723	0.4179	0.3866	0.3812	0
194	146005	0.5723	0.4177	0.3846	0.3797	0
195	30512	0.5712	0.4175	0.3827	0.3783	0
196	30513	0.5712	0.4173	0.3807	0.3768	0
197	131316	0.5707	0.4172	0.3838	0.3792	1
198	131315	0.5707	0.4170	0.3869	0.3815	1
199	110288	0.5707	0.4169	0.3850	0.3801	0
200	110284	0.5707	0.4167	0.3831	0.3787	0
201	137207	0.5706	0.4165	0.3812	0.3773	0
202	137208	0.5706	0.4163	0.3793	0.3759	0
203	137209	0.5706	0.4161	0.3775	0.3745	0
204	130939	0.5698	0.4160	0.3805	0.3768	1
205	130991	0.5698	0.4158	0.3786	0.3754	0
206	130990	0.5698	0.4156	0.3768	0.3741	0
207	82155	0.5697	0.4154	0.3750	0.3727	0
208	82156	0.5697	0.4152	0.3732	0.3714	0
209	82154	0.5697	0.4150	0.3714	0.3700	0
210	154279	0.5691	0.4148	0.3697	0.3687	0
211	154280	0.5691	0.4146	0.3679	0.3674	0
212	154223	0.5691	0.4144	0.3709	0.3696	1
213	137396	0.5690	0.4141	0.3692	0.3683	0
214	137259	0.5690	0.4139	0.3721	0.3706	1
215	137395	0.5690	0.4137	0.3704	0.3693	0
216	133742	0.5689	0.4135	0.3687	0.3680	0
217	133741	0.5689	0.4133	0.3670	0.3667	0
218	133740	0.5689	0.4131	0.3653	0.3654	0
219	124326	0.5686	0.4129	0.3636	0.3642	0
220	124325	0.5686	0.4127	0.3620	0.3629	0
221	124324	0.5686	0.4124	0.3604	0.3617	0
222	124323	0.5686	0.4122	0.3587	0.3605	0
223	124322	0.5686	0.4119	0.3571	0.3593	0
224	43385	0.5683	0.4117	0.3556	0.3581	0
225	43386	0.5683	0.4114	0.3540	0.3569	0
226	126020	0.5680	0.4112	0.3568	0.3590	1
227	126060	0.5680	0.4109	0.3553	0.3578	0
228	126061	0.5680	0.4107	0.3537	0.3566	0
229	149725	0.5657	0.4105	0.3565	0.3587	1
230	149790	0.5657	0.4102	0.3550	0.3576	0
231	149724	0.5657	0.4100	0.3578	0.3597	1
232	149791	0.5657	0.4098	0.3562	0.3585	0
233	145934	0.5657	0.4095	0.3547	0.3573	0
234	145935	0.5657	0.4093	0.3532	0.3562	0
235	145933	0.5657	0.4090	0.3517	0.3550	0
236	145932	0.5657	0.4088	0.3502	0.3539	0
237	145964	0.5657	0.4085	0.3487	0.3528	0
238	145963	0.5657	0.4083	0.3473	0.3516	0
239	145965	0.5657	0.4080	0.3458	0.3505	0
240	145910	0.5657	0.4078	0.3485	0.3526	1
241	124427	0.5652	0.4075	0.3471	0.3515	0
242	124428	0.5652	0.4073	0.3457	0.3504	0
243	124429	0.5652	0.4070	0.3443	0.3493	0
244	124362	0.5652	0.4068	0.3469	0.3513	1
245	79656	0.5648	0.4065	0.3496	0.3533	1
246	79673	0.5648	0.4063	0.3482	0.3522	0
247	79652	0.5648	0.4061	0.3508	0.3542	1
248	69576	0.5637	0.4059	0.3534	0.3562	1
249	69645	0.5637	0.4056	0.3520	0.3551	0
250	69577	0.5637	0.4054	0.3546	0.3571	1
251	69644	0.5637	0.4052	0.3532	0.3560	0
252	91777	0.5627	0.4050	0.3518	0.3549	0
253	91775	0.5627	0.4048	0.3504	0.3538	0
254	91776	0.5627	0.4046	0.3490	0.3528	0
255	91774	0.5627	0.4044	0.3477	0.3517	0
256	20496	0.5624	0.4042	0.3502	0.3537	1
257	20672	0.5624	0.4040	0.3527	0.3556	1
258	20493	0.5624	0.4038	0.3552	0.3575	1
259	20498	0.5624	0.4036	0.3577	0.3593	1
260	20491	0.5624	0.4034	0.3602	0.3612	1
261	20490	0.5624	0.4033	0.3626	0.3631	1
262	61110	0.5615	0.4031	0.3612	0.3620	0
263	61111	0.5615	0.4029	0.3598	0.3610	0
264	61112	0.5615	0.4028	0.3585	0.3599	0
265	116307	0.5610	0.4026	0.3571	0.3589	0
266	116309	0.5610	0.4024	0.3558	0.3579	0
267	116308	0.5610	0.4023	0.3545	0.3569	0
268	145988	0.5606	0.4021	0.3569	0.3587	1
269	145981	0.5606	0.4019	0.3593	0.3605	1
270	146035	0.5606	0.4018	0.3579	0.3595	0
271	77153	0.5605	0.4016	0.3566	0.3585	0
272	77154	0.5605	0.4014	0.3553	0.3575	0
273	77055	0.5605	0.4013	0.3577	0.3593	1
274	38664	0.5594	0.4011	0.3564	0.3583	0
275	38663	0.5594	0.4009	0.3551	0.3573	0
276	37834	0.5594	0.4008	0.3574	0.3590	1
277	88673	0.5592	0.4006	0.3561	0.3581	0
278	88674	0.5592	0.4005	0.3548	0.3571	0
279	88655	0.5592	0.4003	0.3571	0.3588	1
280	88672	0.5592	0.4001	0.3559	0.3579	0
281	101674	0.5589	0.4000	0.3546	0.3569	0
282	101655	0.5589	0.3998	0.3534	0.3559	0
283	97226	0.5587	0.3996	0.3521	0.3550	0
284	97098	0.5587	0.3995	0.3544	0.3567	1
285	118409	0.5587	0.3993	0.3531	0.3557	0
286	118412	0.5587	0.3992	0.3519	0.3548	0
287	118411	0.5587	0.3990	0.3507	0.3538	0
288	118410	0.5587	0.3988	0.3495	0.3529	0
289	139017	0.5580	0.3986	0.3483	0.3520	0
290	139018	0.5580	0.3985	0.3471	0.3510	0
291	11427	0.5580	0.3983	0.3459	0.3501	0
292	11426	0.5580	0.3981	0.3447	0.3492	0
293	81693	0.5580	0.3979	0.3435	0.3483	0
294	81692	0.5580	0.3977	0.3424	0.3474	0
295	75287	0.5579	0.3976	0.3446	0.3491	1
296	75288	0.5579	0.3974	0.3468	0.3508	1
297	123336	0.5567	0.3972	0.3490	0.3524	1
298	123337	0.5567	0.3971	0.3512	0.3541	1
299	123329	0.5567	0.3969	0.3533	0.3558	1
300	123328	0.5567	0.3968	0.3555	0.3574	1
301	48604	0.5559	0.3966	0.3543	0.3565	0
302	48605	0.5559	0.3965	0.3531	0.3556	0
303	48595	0.5559	0.3964	0.3553	0.3572	1
304	43779	0.5553	0.3962	0.3541	0.3563	0
305	43777	0.5553	0.3961	0.3529	0.3554	0
306	43778	0.5553	0.3959	0.3518	0.3545	0
307	72783	0.5553	0.3958	0.3506	0.3536	0
308	72784	0.5553	0.3956	0.3495	0.3528	0
309	82052	0.5539	0.3955	0.3484	0.3519	0
310	82021	0.5539	0.3953	0.3505	0.3535	1
311	82053	0.5539	0.3952	0.3494	0.3526	0
312	107799	0.5538	0.3950	0.3482	0.3517	0
313	107798	0.5538	0.3949	0.3471	0.3509	0
314	22665	0.5535	0.3948	0.3492	0.3525	1
315	22691	0.5535	0.3946	0.3481	0.3516	0
316	23195	0.5530	0.3945	0.3470	0.3508	0
317	23196	0.5530	0.3943	0.3459	0.3499	0
318	51261	0.5528	0.3941	0.3448	0.3491	0
319	51262	0.5528	0.3940	0.3438	0.3482	0
320	86044	0.5527	0.3938	0.3427	0.3474	0
321	86043	0.5527	0.3937	0.3416	0.3465	0
322	41015	0.5526	0.3935	0.3406	0.3457	0
323	40996	0.5526	0.3933	0.3426	0.3473	1
324	38932	0.5517	0.3932	0.3415	0.3464	0
325	38933	0.5517	0.3930	0.3405	0.3456	0
326	38899	0.5517	0.3929	0.3425	0.3472	1
327	38934	0.5517	0.3927	0.3415	0.3464	0
328	97367	0.5512	0.3926	0.3404	0.3455	0
329	97368	0.5512	0.3924	0.3394	0.3447	0
330	97308	0.5512	0.3922	0.3414	0.3463	1
331	152242	0.5506	0.3921	0.3404	0.3455	0
332	152243	0.5506	0.3919	0.3393	0.3447	0
333	152241	0.5506	0.3918	0.3383	0.3439	0
334	27833	0.5505	0.3916	0.3373	0.3431	0
335	27832	0.5505	0.3914	0.3363	0.3423	0
336	27831	0.5505	0.3913	0.3353	0.3415	0
337	147497	0.5504	0.3911	0.3343	0.3407	0
338	147469	0.5504	0.3909	0.3363	0.3422	1
339	147467	0.5504	0.3908	0.3382	0.3437	1
340	147498	0.5504	0.3906	0.3372	0.3429	0
341	111159	0.5499	0.3905	0.3363	0.3421	0
342	111158	0.5499	0.3903	0.3353	0.3414	0
343	48300	0.5492	0.3901	0.3343	0.3406	0
344	48301	0.5492	0.3900	0.3333	0.3398	0
345	48302	0.5492	0.3898	0.3324	0.3391	0
346	48303	0.5492	0.3896	0.3314	0.3383	0
347	70077	0.5486	0.3895	0.3305	0.3376	0
348	70078	0.5486	0.3893	0.3295	0.3368	0
349	143925	0.5483	0.3891	0.3286	0.3361	0
350	143927	0.5483	0.3890	0.3276	0.3353	0
351	143926	0.5483	0.3888	0.3267	0.3346	0
352	80922	0.5481	0.3886	0.3286	0.3361	1
353	80980	0.5481	0.3884	0.3277	0.3353	0
354	28363	0.5471	0.3883	0.3296	0.3368	1
355	28370	0.5471	0.3881	0.3315	0.3382	1
356	81245	0.5468	0.3879	0.3305	0.3375	0
357	81244	0.5468	0.3878	0.3296	0.3367	0
358	105383	0.5463	0.3876	0.3287	0.3360	0
359	105384	0.5463	0.3875	0.3278	0.3353	0
360	105345	0.5463	0.3873	0.3296	0.3367	1
361	105382	0.5463	0.3871	0.3287	0.3360	0
362	105346	0.5463	0.3870	0.3306	0.3374	1
363	20486	0.5442	0.3868	0.3324	0.3388	1
364	20627	0.5442	0.3867	0.3315	0.3381	0
365	20620	0.5442	0.3865	0.3306	0.3374	0
366	20484	0.5442	0.3864	0.3324	0.3388	1
367	20487	0.5442	0.3862	0.3342	0.3402	1
368	20558	0.5442	0.3861	0.3360	0.3416	1
369	20483	0.5442	0.3860	0.3378	0.3430	1
370	20624	0.5442	0.3858	0.3369	0.3423	0
371	70095	0.5438	0.3857	0.3360	0.3415	0
372	70048	0.5438	0.3856	0.3378	0.3429	1
373	70049	0.5438	0.3854	0.3396	0.3443	1
374	130271	0.5437	0.3853	0.3387	0.3436	0
375	130270	0.5437	0.3852	0.3378	0.3429	0
376	118770	0.5431	0.3851	0.3395	0.3442	1
377	118846	0.5431	0.3850	0.3386	0.3435	0
378	118845	0.5431	0.3848	0.3377	0.3428	0
379	145047	0.5425	0.3847	0.3395	0.3441	1
380	145114	0.5425	0.3846	0.3386	0.3434	0
381	145048	0.5425	0.3845	0.3403	0.3448	1
382	102040	0.5424	0.3844	0.3394	0.3441	0
383	102030	0.5424	0.3842	0.3411	0.3454	1
384	102041	0.5424	0.3841	0.3403	0.3447	0
385	111460	0.5422	0.3840	0.3394	0.3440	0
386	111461	0.5422	0.3839	0.3385	0.3433	0
387	65773	0.5419	0.3838	0.3402	0.3446	1
388	65845	0.5419	0.3837	0.3393	0.3440	0
389	65846	0.5419	0.3836	0.3385	0.3433	0
390	80928	0.5414	0.3834	0.3402	0.3446	1
391	81049	0.5414	0.3833	0.3393	0.3439	0
392	80918	0.5414	0.3832	0.3410	0.3452	1
393	28217	0.5413	0.3831	0.3401	0.3445	0
394	28215	0.5413	0.3830	0.3392	0.3438	0
395	28216	0.5413	0.3829	0.3384	0.3431	0
396	59646	0.5406	0.3828	0.3401	0.3444	1
397	59894	0.5406	0.3827	0.3392	0.3438	0
398	59895	0.5406	0.3826	0.3383	0.3431	0
399	24841	0.5398	0.3825	0.3400	0.3444	1
400	25058	0.5398	0.3823	0.3392	0.3437	0
401	25059	0.5398	0.3822	0.3383	0.3430	0
402	46205	0.5397	0.3821	0.3375	0.3424	0
403	46204	0.5397	0.3820	0.3366	0.3417	0
404	46064	0.5397	0.3819	0.3383	0.3430	1
405	46203	0.5397	0.3818	0.3374	0.3423	0
406	94420	0.5396	0.3817	0.3366	0.3417	0
407	94419	0.5396	0.3816	0.3358	0.3410	0
408	75060	0.5384	0.3815	0.3374	0.3423	1
409	75058	0.5384	0.3814	0.3390	0.3435	1
410	75061	0.5384	0.3813	0.3406	0.3448	1
411	130014	0.5375	0.3812	0.3398	0.3441	0
412	130015	0.5375	0.3811	0.3390	0.3435	0
413	130012	0.5375	0.3810	0.3382	0.3428	0
414	130013	0.5375	0.3808	0.3373	0.3422	0
415	91680	0.5368	0.3807	0.3365	0.3415	0
416	91678	0.5368	0.3806	0.3357	0.3409	0
417	91585	0.5368	0.3805	0.3373	0.3421	1
418	91679	0.5368	0.3804	0.3365	0.3415	0
419	43883	0.5354	0.3803	0.3357	0.3408	0
420	43884	0.5354	0.3802	0.3349	0.3402	0
421	58865	0.5352	0.3801	0.3341	0.3396	0
422	58866	0.5352	0.3800	0.3333	0.3389	0
423	58864	0.5352	0.3799	0.3325	0.3383	0
424	146712	0.5350	0.3798	0.3318	0.3377	0
425	146695	0.5350	0.3797	0.3333	0.3389	1
426	111396	0.5340	0.3795	0.3326	0.3383	0
427	111399	0.5340	0.3794	0.3318	0.3377	0
428	99112	0.5339	0.3793	0.3310	0.3371	0
429	99114	0.5339	0.3792	0.3302	0.3364	0
430	116287	0.5335	0.3791	0.3295	0.3358	0
431	116286	0.5335	0.3790	0.3287	0.3352	0
432	116235	0.5335	0.3789	0.3303	0.3364	1
433	153816	0.5330	0.3787	0.3295	0.3358	0
434	153815	0.5330	0.3786	0.3287	0.3352	0
435	153720	0.5330	0.3785	0.3303	0.3364	1
436	99009	0.5323	0.3784	0.3295	0.3358	0
437	99010	0.5323	0.3783	0.3288	0.3352	0
438	98939	0.5323	0.3782	0.3303	0.3364	1
439	141999	0.5319	0.3781	0.3318	0.3376	1
440	142137	0.5319	0.3780	0.3311	0.3370	0
441	142015	0.5319	0.3779	0.3326	0.3381	1
442	3068	0.5314	0.3778	0.3318	0.3376	0
443	3069	0.5314	0.3777	0.3311	0.3370	0
444	3067	0.5314	0.3776	0.3303	0.3364	0
445	96790	0.5313	0.3775	0.3296	0.3358	0
446	96789	0.5313	0.3773	0.3289	0.3352	0
447	96791	0.5313	0.3772	0.3281	0.3346	0
448	116265	0.5307	0.3771	0.3274	0.3340	0
449	116264	0.5307	0.3770	0.3267	0.3334	0
450	116244	0.5307	0.3769	0.3282	0.3346	1
451	116263	0.5307	0.3768	0.3274	0.3340	0
452	116262	0.5307	0.3767	0.3267	0.3334	0
453	26764	0.5300	0.3766	0.3260	0.3328	0
454	23764	0.5300	0.3765	0.3253	0.3323	0
455	143658	0.5292	0.3763	0.3268	0.3334	1
456	143666	0.5292	0.3762	0.3260	0.3328	0
457	143659	0.5292	0.3761	0.3275	0.3340	1
458	74582	0.5291	0.3760	0.3268	0.3334	0
459	74511	0.5291	0.3759	0.3283	0.3346	1
460	49515	0.5277	0.3758	0.3297	0.3357	1
461	49640	0.5277	0.3757	0.3290	0.3351	0
462	20020	0.5264	0.3756	0.3283	0.3346	0
463	20019	0.5264	0.3755	0.3276	0.3340	0
464	88243	0.5261	0.3754	0.3269	0.3334	0
465	88242	0.5261	0.3753	0.3262	0.3329	0
466	45860	0.5257	0.3752	0.3276	0.3340	1
467	45868	0.5257	0.3751	0.3291	0.3351	1
468	45925	0.5257	0.3750	0.3284	0.3345	0
469	45924	0.5257	0.3749	0.3277	0.3340	0
470	45861	0.5257	0.3748	0.3291	0.3351	1
471	45922	0.5257	0.3747	0.3284	0.3345	0
472	45923	0.5257	0.3746	0.3277	0.3340	0
473	45921	0.5257	0.3745	0.3270	0.3334	0
474	45864	0.5257	0.3744	0.3284	0.3345	1
475	124757	0.5257	0.3743	0.3277	0.3340	0
476	124758	0.5257	0.3742	0.3270	0.3334	0
477	124731	0.5257	0.3741	0.3285	0.3345	1
478	38969	0.5252	0.3740	0.3278	0.3340	0
479	38968	0.5252	0.3739	0.3271	0.3334	0
480	58862	0.5251	0.3738	0.3264	0.3329	0
481	58861	0.5251	0.3737	0.3257	0.3323	0
482	58818	0.5251	0.3736	0.3271	0.3334	1
483	150870	0.5251	0.3735	0.3264	0.3329	0
484	150869	0.5251	0.3734	0.3258	0.3323	0
485	111129	0.5247	0.3733	0.3251	0.3318	0
486	111120	0.5247	0.3732	0.3244	0.3313	0
487	103353	0.5242	0.3731	0.3238	0.3307	0
488	103352	0.5242	0.3730	0.3231	0.3302	0
489	103285	0.5242	0.3729	0.3245	0.3313	1
490	32060	0.5235	0.3728	0.3259	0.3323	1
491	32108	0.5235	0.3727	0.3252	0.3318	0
492	141897	0.5234	0.3726	0.3266	0.3329	1
493	141972	0.5234	0.3725	0.3259	0.3323	0
494	141888	0.5234	0.3725	0.3273	0.3334	1
495	152090	0.5232	0.3724	0.3266	0.3329	0
496	152091	0.5232	0.3723	0.3260	0.3324	0
497	143409	0.5232	0.3722	0.3253	0.3318	0
498	143410	0.5232	0.3721	0.3246	0.3313	0
499	143411	0.5232	0.3720	0.3240	0.3308	0
500	130507	0.5232	0.3719	0.3234	0.3303	0
501	130508	0.5232	0.3718	0.3227	0.3297	0
502	152191	0.5232	0.3717	0.3241	0.3308	1
503	152251	0.5232	0.3716	0.3234	0.3303	0
504	152190	0.5232	0.3715	0.3248	0.3313	1
505	115668	0.5229	0.3714	0.3241	0.3308	0
506	115667	0.5229	0.3713	0.3235	0.3303	0
507	115619	0.5229	0.3712	0.3248	0.3313	1
508	145941	0.5224	0.3711	0.3242	0.3308	0
509	145942	0.5224	0.3710	0.3235	0.3303	0
510	145940	0.5224	0.3709	0.3229	0.3298	0
511	145939	0.5224	0.3709	0.3223	0.3293	0
512	145902	0.5224	0.3708	0.3236	0.3303	1
513	145938	0.5224	0.3707	0.3230	0.3298	0
514	145901	0.5224	0.3706	0.3243	0.3308	1
515	150978	0.5222	0.3705	0.3236	0.3303	0
516	150979	0.5222	0.3704	0.3230	0.3298	0
517	150977	0.5222	0.3703	0.3224	0.3293	0
518	105642	0.5220	0.3702	0.3237	0.3303	1
519	105731	0.5220	0.3701	0.3231	0.3298	0
520	105732	0.5220	0.3700	0.3225	0.3293	0
521	6876	0.5214	0.3699	0.3238	0.3304	1
522	6998	0.5214	0.3698	0.3231	0.3299	0
523	9274	0.5212	0.3698	0.3244	0.3309	1
524	9176	0.5212	0.3697	0.3257	0.3319	1
525	69664	0.5208	0.3696	0.3251	0.3314	0
526	69665	0.5208	0.3695	0.3245	0.3309	0
527	74781	0.5204	0.3694	0.3258	0.3319	1
528	74788	0.5204	0.3693	0.3270	0.3329	1
529	43689	0.5200	0.3693	0.3283	0.3339	1
530	43688	0.5200	0.3692	0.3296	0.3349	1
531	43763	0.5200	0.3691	0.3289	0.3344	0
532	87229	0.5200	0.3690	0.3302	0.3354	1
533	87717	0.5200	0.3690	0.3296	0.3349	0
534	105619	0.5194	0.3689	0.3290	0.3344	0
535	105618	0.5194	0.3688	0.3284	0.3339	0
536	105617	0.5194	0.3687	0.3277	0.3334	0
537	136835	0.5189	0.3687	0.3271	0.3329	0
538	136833	0.5189	0.3686	0.3265	0.3324	0
539	136834	0.5189	0.3685	0.3259	0.3319	0
540	50313	0.5182	0.3684	0.3253	0.3314	0
541	50314	0.5182	0.3683	0.3247	0.3309	0
542	50312	0.5182	0.3683	0.3241	0.3305	0
543	34598	0.5173	0.3682	0.3254	0.3314	1
544	34627	0.5173	0.3681	0.3248	0.3310	0
545	34596	0.5173	0.3680	0.3260	0.3319	1
546	41679	0.5173	0.3680	0.3254	0.3314	0
547	25284	0.5173	0.3679	0.3248	0.3310	0
548	149782	0.5166	0.3678	0.3242	0.3305	0
549	149781	0.5166	0.3677	0.3236	0.3300	0
550	149783	0.5166	0.3676	0.3230	0.3295	0
551	66893	0.5164	0.3676	0.3225	0.3291	0
552	66892	0.5164	0.3675	0.3219	0.3286	0
553	66894	0.5164	0.3674	0.3213	0.3281	0
554	60741	0.5159	0.3673	0.3207	0.3276	0
555	60729	0.5159	0.3672	0.3219	0.3286	1
556	60742	0.5159	0.3671	0.3214	0.3281	0
557	60743	0.5159	0.3671	0.3208	0.3277	0
558	118777	0.5157	0.3670	0.3220	0.3286	1
559	118860	0.5157	0.3669	0.3214	0.3282	0
560	118778	0.5157	0.3668	0.3226	0.3291	1
561	70031	0.5154	0.3667	0.3238	0.3301	1
562	70092	0.5154	0.3667	0.3233	0.3296	0
563	70045	0.5154	0.3666	0.3245	0.3305	1
564	26577	0.5153	0.3665	0.3239	0.3301	0
565	1559	0.5153	0.3664	0.3233	0.3296	0
566	45339	0.5148	0.3664	0.3228	0.3291	0
567	52592	0.5148	0.3663	0.3222	0.3287	0
568	36918	0.5146	0.3662	0.3216	0.3282	0
569	36917	0.5146	0.3661	0.3211	0.3278	0
570	29920	0.5139	0.3660	0.3205	0.3273	0
571	38559	0.5139	0.3660	0.3199	0.3269	0
572	57112	0.5139	0.3659	0.3211	0.3278	1
573	57215	0.5139	0.3658	0.3206	0.3273	0
574	57923	0.5139	0.3657	0.3200	0.3269	0
575	57436	0.5139	0.3656	0.3212	0.3278	1
576	57922	0.5139	0.3656	0.3206	0.3274	0
577	8808	0.5133	0.3655	0.3201	0.3269	0
578	8807	0.5133	0.3654	0.3195	0.3265	0
579	8810	0.5133	0.3653	0.3190	0.3260	0
580	8809	0.5133	0.3653	0.3184	0.3256	0
581	8806	0.5133	0.3652	0.3179	0.3251	0
582	114910	0.5132	0.3651	0.3173	0.3247	0
583	114909	0.5132	0.3650	0.3168	0.3242	0
584	114911	0.5132	0.3649	0.3162	0.3238	0
585	51467	0.5131	0.3648	0.3157	0.3234	0
586	51468	0.5131	0.3648	0.3152	0.3229	0
587	51469	0.5131	0.3647	0.3146	0.3225	0
588	24798	0.5131	0.3646	0.3141	0.3220	0
589	24800	0.5131	0.3645	0.3136	0.3216	0
590	24799	0.5131	0.3644	0.3130	0.3212	0
591	135104	0.5127	0.3643	0.3125	0.3207	0
592	135103	0.5127	0.3642	0.3120	0.3203	0
593	17665	0.5118	0.3641	0.3114	0.3199	0
594	33580	0.5118	0.3641	0.3109	0.3195	0
595	80172	0.5117	0.3640	0.3104	0.3190	0
596	80173	0.5117	0.3639	0.3099	0.3186	0
597	56253	0.5115	0.3638	0.3094	0.3182	0
598	56254	0.5115	0.3637	0.3088	0.3178	0
599	56252	0.5115	0.3636	0.3083	0.3173	0
600	107003	0.5110	0.3635	0.3078	0.3169	0
601	107001	0.5110	0.3634	0.3073	0.3165	0
602	150747	0.5102	0.3633	0.3085	0.3174	1
603	150988	0.5102	0.3632	0.3079	0.3170	0
604	150987	0.5102	0.3631	0.3074	0.3166	0
605	150986	0.5102	0.3630	0.3069	0.3161	0
606	62275	0.5100	0.3630	0.3064	0.3157	0
607	62272	0.5100	0.3629	0.3059	0.3153	0
608	8714	0.5095	0.3628	0.3054	0.3149	0
609	8715	0.5095	0.3627	0.3049	0.3145	0
610	8713	0.5095	0.3626	0.3044	0.3141	0
611	93479	0.5080	0.3625	0.3039	0.3137	0
612	93476	0.5080	0.3624	0.3034	0.3133	0
613	19942	0.5076	0.3623	0.3029	0.3128	0
614	19946	0.5076	0.3622	0.3024	0.3124	0
615	104338	0.5073	0.3621	0.3019	0.3120	0
616	104336	0.5073	0.3620	0.3015	0.3116	0
617	104337	0.5073	0.3619	0.3010	0.3112	0
618	48234	0.5067	0.3618	0.3005	0.3108	0
619	48235	0.5067	0.3617	0.3000	0.3104	0
620	48237	0.5067	0.3616	0.2995	0.3100	0
621	48236	0.5067	0.3615	0.2990	0.3096	0
622	48103	0.5067	0.3614	0.3002	0.3105	1
623	124983	0.5066	0.3613	0.2997	0.3101	0
624	124982	0.5066	0.3612	0.2992	0.3097	0
625	124984	0.5066	0.3611	0.2987	0.3093	0
626	63413	0.5063	0.3610	0.2982	0.3089	0
627	58858	0.5063	0.3609	0.2978	0.3085	0
628	5454	0.5061	0.3608	0.2973	0.3082	0
629	5379	0.5061	0.3607	0.2984	0.3090	1
630	117094	0.5060	0.3606	0.2979	0.3086	0
631	117096	0.5060	0.3605	0.2975	0.3082	0
632	117093	0.5060	0.3604	0.2970	0.3079	0
633	117092	0.5060	0.3603	0.2965	0.3075	0
634	117095	0.5060	0.3602	0.2961	0.3071	0
635	110487	0.5059	0.3601	0.2956	0.3067	0
636	110431	0.5059	0.3600	0.2967	0.3076	1
637	110488	0.5059	0.3599	0.2962	0.3072	0
638	102918	0.5055	0.3598	0.2958	0.3068	0
639	102697	0.5055	0.3597	0.2969	0.3077	1
640	57239	0.5055	0.3596	0.2964	0.3073	0
641	57237	0.5055	0.3595	0.2960	0.3069	0
642	57238	0.5055	0.3594	0.2955	0.3065	0
643	57236	0.5055	0.3593	0.2950	0.3061	0
644	57235	0.5055	0.3592	0.2946	0.3058	0
645	113678	0.5049	0.3591	0.2941	0.3054	0
646	113679	0.5049	0.3590	0.2937	0.3050	0
647	113680	0.5049	0.3589	0.2932	0.3046	0
648	141274	0.5048	0.3588	0.2928	0.3042	0
649	141221	0.5048	0.3587	0.2938	0.3051	1
650	141222	0.5048	0.3586	0.2949	0.3060	1
651	140363	0.5044	0.3585	0.2945	0.3056	0
652	140364	0.5044	0.3584	0.2940	0.3052	0
653	140236	0.5044	0.3583	0.2951	0.3061	1
654	79658	0.5040	0.3582	0.2962	0.3069	1
655	79688	0.5040	0.3581	0.2957	0.3065	0
656	35289	0.5039	0.3580	0.2968	0.3074	1
657	35288	0.5039	0.3579	0.2979	0.3082	1
658	35237	0.5039	0.3578	0.2989	0.3091	1
659	45951	0.5036	0.3577	0.2985	0.3087	0
660	45950	0.5036	0.3577	0.2980	0.3083	0
661	136853	0.5031	0.3576	0.2976	0.3079	0
662	136824	0.5031	0.3575	0.2986	0.3088	1
663	147514	0.5031	0.3574	0.2997	0.3096	1
664	147513	0.5031	0.3573	0.3008	0.3104	1
665	6858	0.5028	0.3572	0.3018	0.3113	1
666	6999	0.5028	0.3571	0.3013	0.3109	0
667	6877	0.5028	0.3571	0.3024	0.3117	1
668	66788	0.5027	0.3570	0.3034	0.3125	1
669	66827	0.5027	0.3569	0.3030	0.3122	0
670	4034	0.5025	0.3568	0.3025	0.3118	0
671	4035	0.5025	0.3567	0.3021	0.3114	0
672	4036	0.5025	0.3566	0.3016	0.3111	0
673	132753	0.5015	0.3566	0.3012	0.3107	0
674	132751	0.5015	0.3565	0.3007	0.3103	0
675	132752	0.5015	0.3564	0.3003	0.3099	0
676	132754	0.5015	0.3563	0.2999	0.3096	0
677	132755	0.5015	0.3562	0.2994	0.3092	0
678	19298	0.5014	0.3561	0.2990	0.3089	0
679	19299	0.5014	0.3561	0.2985	0.3085	0
680	19297	0.5014	0.3560	0.2981	0.3081	0
681	19296	0.5014	0.3559	0.2977	0.3078	0
682	19175	0.5014	0.3558	0.2987	0.3086	1
683	135211	0.5010	0.3557	0.2982	0.3082	0
684	135208	0.5010	0.3556	0.2978	0.3079	0
685	42369	0.5009	0.3556	0.2974	0.3075	0
686	42368	0.5009	0.3555	0.2969	0.3071	0
687	42370	0.5009	0.3554	0.2965	0.3068	0
688	112037	0.5008	0.3553	0.2961	0.3064	0
689	112041	0.5008	0.3552	0.2957	0.3061	0
690	56083	0.5002	0.3551	0.2967	0.3069	1
691	56097	0.5002	0.3550	0.2962	0.3065	0
692	125036	0.4996	0.3550	0.2958	0.3062	0
693	125035	0.4996	0.3549	0.2954	0.3058	0
694	125037	0.4996	0.3548	0.2950	0.3054	0
695	96250	0.4989	0.3547	0.2945	0.3051	0
696	96249	0.4989	0.3546	0.2941	0.3047	0
697	20754	0.4989	0.3545	0.2937	0.3044	0
698	20761	0.4989	0.3544	0.2933	0.3040	0
699	5130	0.4985	0.3543	0.2929	0.3037	0
700	14995	0.4985	0.3543	0.2924	0.3033	0
701	1295	0.4982	0.3542	0.2920	0.3030	0
702	39950	0.4982	0.3541	0.2916	0.3027	0
703	70057	0.4981	0.3540	0.2912	0.3023	0
704	70056	0.4981	0.3539	0.2908	0.3020	0
705	70055	0.4981	0.3538	0.2904	0.3016	0
706	66084	0.4971	0.3537	0.2900	0.3013	0
707	65982	0.4971	0.3536	0.2910	0.3021	1
708	66083	0.4971	0.3535	0.2906	0.3017	0
709	124778	0.4967	0.3535	0.2901	0.3014	0
710	124779	0.4967	0.3534	0.2897	0.3010	0
711	124780	0.4967	0.3533	0.2893	0.3007	0
712	124781	0.4967	0.3532	0.2889	0.3004	0
713	156824	0.4967	0.3531	0.2885	0.3000	0
714	156823	0.4967	0.3530	0.2881	0.2997	0
715	156825	0.4967	0.3529	0.2877	0.2994	0
716	133744	0.4964	0.3528	0.2873	0.2990	0
717	133745	0.4964	0.3527	0.2869	0.2987	0
718	118250	0.4963	0.3526	0.2865	0.2984	0
719	118193	0.4963	0.3525	0.2875	0.2991	1
720	118203	0.4963	0.3525	0.2885	0.2999	1
721	118197	0.4963	0.3524	0.2895	0.3007	1
722	43715	0.4956	0.3523	0.2891	0.3004	0
723	43714	0.4956	0.3522	0.2887	0.3000	0
724	43716	0.4956	0.3521	0.2883	0.2997	0
725	43713	0.4956	0.3520	0.2879	0.2994	0
726	66261	0.4944	0.3519	0.2889	0.3001	1
727	66260	0.4944	0.3518	0.2898	0.3009	1
728	22442	0.4943	0.3518	0.2894	0.3006	0
729	20612	0.4943	0.3517	0.2904	0.3014	1
730	15905	0.4942	0.3516	0.2914	0.3021	1
731	15922	0.4942	0.3515	0.2910	0.3018	0
732	15923	0.4942	0.3514	0.2906	0.3015	0
733	116122	0.4939	0.3513	0.2902	0.3011	0
734	116121	0.4939	0.3513	0.2898	0.3008	0
735	116123	0.4939	0.3512	0.2894	0.3005	0
736	43771	0.4933	0.3511	0.2904	0.3012	1
737	43772	0.4933	0.3510	0.2913	0.3020	1
738	25828	0.4928	0.3509	0.2909	0.3017	0
739	25830	0.4928	0.3509	0.2905	0.3013	0
740	94714	0.4927	0.3508	0.2901	0.3010	0
741	94711	0.4927	0.3507	0.2898	0.3007	0
742	18250	0.4926	0.3506	0.2894	0.3004	0
743	16611	0.4926	0.3505	0.2890	0.3000	0
744	27515	0.4926	0.3504	0.2886	0.2997	0
745	27516	0.4926	0.3504	0.2882	0.2994	0
746	27517	0.4926	0.3503	0.2878	0.2991	0
747	149508	0.4916	0.3502	0.2874	0.2987	0
748	149429	0.4916	0.3501	0.2884	0.2995	1
749	149507	0.4916	0.3500	0.2880	0.2992	0
750	57258	0.4915	0.3499	0.2876	0.2989	0
751	57257	0.4915	0.3499	0.2872	0.2985	0
752	86465	0.4907	0.3498	0.2869	0.2982	0
753	86439	0.4907	0.3497	0.2878	0.2990	1
754	116865	0.4902	0.3496	0.2874	0.2986	0
755	123600	0.4902	0.3495	0.2870	0.2983	0
756	123599	0.4902	0.3494	0.2867	0.2980	0
757	130607	0.4901	0.3494	0.2876	0.2988	1
758	130626	0.4901	0.3493	0.2872	0.2984	0
759	33162	0.4898	0.3492	0.2868	0.2981	0
760	33166	0.4898	0.3491	0.2865	0.2978	0
761	77874	0.4897	0.3490	0.2861	0.2975	0
762	77875	0.4897	0.3489	0.2857	0.2972	0
763	77876	0.4897	0.3489	0.2853	0.2969	0
764	43577	0.4891	0.3488	0.2850	0.2965	0
765	43578	0.4891	0.3487	0.2846	0.2962	0
766	43567	0.4891	0.3486	0.2855	0.2970	1
767	82046	0.4889	0.3485	0.2852	0.2967	0
768	82047	0.4889	0.3484	0.2848	0.2964	0
769	82045	0.4889	0.3484	0.2844	0.2960	0
770	124766	0.4883	0.3483	0.2840	0.2957	0
771	124767	0.4883	0.3482	0.2837	0.2954	0
772	132726	0.4883	0.3481	0.2846	0.2962	1
773	132767	0.4883	0.3480	0.2842	0.2959	0
774	132768	0.4883	0.3480	0.2839	0.2955	0
775	139888	0.4883	0.3479	0.2835	0.2952	0
776	139887	0.4883	0.3478	0.2831	0.2949	0
777	139886	0.4883	0.3477	0.2828	0.2946	0
778	149778	0.4883	0.3476	0.2824	0.2943	0
779	149777	0.4883	0.3475	0.2821	0.2940	0
780	149779	0.4883	0.3474	0.2817	0.2937	0
781	90977	0.4882	0.3474	0.2813	0.2934	0
782	90981	0.4882	0.3473	0.2810	0.2931	0
783	94408	0.4882	0.3472	0.2806	0.2928	0
784	93109	0.4882	0.3471	0.2815	0.2935	1
785	70030	0.4880	0.3470	0.2824	0.2943	1
786	70090	0.4880	0.3469	0.2821	0.2940	0
787	70089	0.4880	0.3469	0.2817	0.2937	0
788	145316	0.4875	0.3468	0.2814	0.2934	0
789	145317	0.4875	0.3467	0.2810	0.2931	0
790	145318	0.4875	0.3466	0.2807	0.2928	0
791	146024	0.4875	0.3465	0.2803	0.2925	0
792	146023	0.4875	0.3464	0.2799	0.2922	0
793	146022	0.4875	0.3464	0.2796	0.2919	0
794	39142	0.4872	0.3463	0.2792	0.2916	0
795	39141	0.4872	0.3462	0.2789	0.2913	0
796	39067	0.4872	0.3461	0.2798	0.2920	1
797	65987	0.4870	0.3460	0.2807	0.2927	1
798	66118	0.4870	0.3459	0.2804	0.2924	0
799	66119	0.4870	0.3459	0.2800	0.2921	0
800	116284	0.4869	0.3458	0.2797	0.2918	0
801	116234	0.4869	0.3457	0.2805	0.2925	1
802	116228	0.4869	0.3456	0.2814	0.2932	1
803	53499	0.4867	0.3455	0.2811	0.2929	0
804	53500	0.4867	0.3455	0.2807	0.2927	0
805	53498	0.4867	0.3454	0.2804	0.2924	0
806	1174	0.4867	0.3453	0.2813	0.2931	1
807	1383	0.4867	0.3452	0.2809	0.2928	0
808	132102	0.4866	0.3451	0.2818	0.2935	1
809	132163	0.4866	0.3451	0.2815	0.2932	0
810	132164	0.4866	0.3450	0.2811	0.2929	0
811	80184	0.4865	0.3449	0.2808	0.2926	0
812	80185	0.4865	0.3448	0.2804	0.2923	0
813	80183	0.4865	0.3447	0.2801	0.2920	0
814	114956	0.4864	0.3447	0.2798	0.2917	0
815	114957	0.4864	0.3446	0.2794	0.2914	0
816	114888	0.4864	0.3445	0.2803	0.2921	1
817	55198	0.4862	0.3444	0.2800	0.2919	0
818	55199	0.4862	0.3443	0.2796	0.2916	0
819	55200	0.4862	0.3443	0.2793	0.2913	0
820	32579	0.4862	0.3442	0.2789	0.2910	0
821	32581	0.4862	0.3441	0.2786	0.2907	0
822	76336	0.4862	0.3440	0.2783	0.2904	0
823	76337	0.4862	0.3439	0.2779	0.2901	0
824	76338	0.4862	0.3439	0.2776	0.2899	0
825	26497	0.4860	0.3438	0.2772	0.2896	0
826	17852	0.4860	0.3437	0.2769	0.2893	0
827	126208	0.4859	0.3436	0.2766	0.2890	0
828	126209	0.4859	0.3435	0.2762	0.2887	0
829	126210	0.4859	0.3435	0.2759	0.2884	0
830	91947	0.4859	0.3434	0.2756	0.2882	0
831	91946	0.4859	0.3433	0.2752	0.2879	0
832	91945	0.4859	0.3432	0.2749	0.2876	0
833	28859	0.4859	0.3431	0.2746	0.2873	0
834	28854	0.4859	0.3431	0.2743	0.2870	0
835	82740	0.4855	0.3430	0.2739	0.2868	0
836	82739	0.4855	0.3429	0.2736	0.2865	0
837	82738	0.4855	0.3428	0.2733	0.2862	0
838	29979	0.4847	0.3427	0.2729	0.2859	0
839	29975	0.4847	0.3426	0.2726	0.2857	0
840	29977	0.4847	0.3426	0.2723	0.2854	0
841	118808	0.4842	0.3425	0.2720	0.2851	0
842	118758	0.4842	0.3424	0.2728	0.2858	1
843	118809	0.4842	0.3423	0.2725	0.2855	0
844	13207	0.4837	0.3422	0.2734	0.2862	1
845	13742	0.4837	0.3421	0.2730	0.2859	0
846	49579	0.4836	0.3421	0.2727	0.2857	0
847	49578	0.4836	0.3420	0.2724	0.2854	0
848	49580	0.4836	0.3419	0.2721	0.2851	0
849	40401	0.4834	0.3418	0.2718	0.2848	0
850	97477	0.4834	0.3417	0.2714	0.2846	0
851	114879	0.4833	0.3416	0.2723	0.2853	1
852	114880	0.4833	0.3416	0.2732	0.2859	1
853	114989	0.4833	0.3415	0.2728	0.2857	0
854	115557	0.4830	0.3414	0.2737	0.2863	1
855	115556	0.4830	0.3413	0.2745	0.2870	1
856	61820	0.4828	0.3413	0.2742	0.2867	0
857	61797	0.4828	0.3412	0.2751	0.2874	1
858	61819	0.4828	0.3411	0.2747	0.2871	0
859	145272	0.4823	0.3410	0.2744	0.2869	0
860	145159	0.4823	0.3409	0.2753	0.2875	1
861	145271	0.4823	0.3409	0.2749	0.2873	0
862	93119	0.4819	0.3408	0.2758	0.2879	1
863	9902	0.4819	0.3407	0.2766	0.2886	1
864	147554	0.4815	0.3406	0.2775	0.2893	1
865	147555	0.4815	0.3406	0.2783	0.2899	1
866	147540	0.4815	0.3405	0.2791	0.2906	1
867	2165	0.4812	0.3404	0.2800	0.2913	1
868	9275	0.4812	0.3404	0.2808	0.2919	1
869	142905	0.4810	0.3403	0.2805	0.2917	0
870	142836	0.4810	0.3402	0.2813	0.2923	1
871	36220	0.4808	0.3402	0.2810	0.2920	0
872	36184	0.4808	0.3401	0.2818	0.2927	1
873	17495	0.4802	0.3400	0.2815	0.2924	0
874	17015	0.4802	0.3400	0.2823	0.2931	1
875	7660	0.4802	0.3399	0.2820	0.2928	0
876	7832	0.4802	0.3398	0.2816	0.2925	0
877	70434	0.4800	0.3398	0.2813	0.2923	0
878	70433	0.4800	0.3397	0.2810	0.2920	0
879	122099	0.4793	0.3396	0.2807	0.2917	0
880	122102	0.4793	0.3396	0.2804	0.2915	0
881	85316	0.4793	0.3395	0.2800	0.2912	0
882	85323	0.4793	0.3394	0.2797	0.2909	0
883	116270	0.4792	0.3394	0.2794	0.2907	0
884	116269	0.4792	0.3393	0.2791	0.2904	0
885	116271	0.4792	0.3392	0.2788	0.2901	0
886	116215	0.4792	0.3391	0.2785	0.2899	0
887	116214	0.4792	0.3391	0.2782	0.2896	0
888	21124	0.4791	0.3390	0.2778	0.2893	0
889	21144	0.4791	0.3389	0.2775	0.2891	0
890	130961	0.4789	0.3389	0.2772	0.2888	0
891	130960	0.4789	0.3388	0.2769	0.2885	0
892	130962	0.4789	0.3387	0.2766	0.2883	0
893	27532	0.4789	0.3387	0.2763	0.2880	0
894	27464	0.4789	0.3386	0.2771	0.2887	1
895	27531	0.4789	0.3385	0.2768	0.2884	0
896	147702	0.4787	0.3385	0.2765	0.2881	0
897	147701	0.4787	0.3384	0.2762	0.2879	0
898	77612	0.4785	0.3383	0.2770	0.2885	1
899	77681	0.4785	0.3383	0.2767	0.2883	0
900	21570	0.4781	0.3382	0.2764	0.2880	0
901	17260	0.4781	0.3381	0.2761	0.2878	0
902	21569	0.4781	0.3380	0.2757	0.2875	0
903	115472	0.4778	0.3380	0.2765	0.2881	1
904	115543	0.4778	0.3379	0.2762	0.2879	0
905	5633	0.4776	0.3378	0.2759	0.2876	0
906	5615	0.4776	0.3378	0.2767	0.2883	1
907	55614	0.4759	0.3377	0.2775	0.2889	1
908	55620	0.4759	0.3376	0.2772	0.2886	0
909	55619	0.4759	0.3376	0.2769	0.2884	0
910	63753	0.4758	0.3375	0.2777	0.2890	1
911	63765	0.4758	0.3374	0.2774	0.2888	0
912	8728	0.4751	0.3374	0.2771	0.2885	0
913	8729	0.4751	0.3373	0.2768	0.2882	0
914	43828	0.4750	0.3372	0.2776	0.2889	1
915	43827	0.4750	0.3372	0.2784	0.2895	1
916	66104	0.4747	0.3371	0.2781	0.2892	0
917	66103	0.4747	0.3371	0.2778	0.2890	0
918	65961	0.4747	0.3370	0.2786	0.2896	1
919	88410	0.4746	0.3369	0.2783	0.2894	0
920	88409	0.4746	0.3369	0.2780	0.2891	0
921	99349	0.4746	0.3368	0.2777	0.2889	0
922	99348	0.4746	0.3367	0.2774	0.2886	0
923	148025	0.4741	0.3367	0.2781	0.2892	1
924	148042	0.4741	0.3366	0.2778	0.2890	0
925	70425	0.4738	0.3365	0.2786	0.2896	1
926	70439	0.4738	0.3365	0.2783	0.2893	0
927	71299	0.4737	0.3364	0.2791	0.2900	1
928	71283	0.4737	0.3364	0.2799	0.2906	1
929	21934	0.4736	0.3363	0.2796	0.2903	0
930	29866	0.4736	0.3362	0.2793	0.2901	0
931	127923	0.4735	0.3362	0.2800	0.2907	1
932	127965	0.4735	0.3361	0.2808	0.2913	1
933	59479	0.4735	0.3361	0.2805	0.2911	0
934	95803	0.4735	0.3360	0.2802	0.2908	0
935	45894	0.4732	0.3359	0.2799	0.2906	0
936	45895	0.4732	0.3359	0.2796	0.2903	0
937	156013	0.4731	0.3358	0.2793	0.2900	0
938	156012	0.4731	0.3358	0.2790	0.2898	0
939	7489	0.4730	0.3357	0.2787	0.2895	0
940	7490	0.4730	0.3356	0.2784	0.2893	0
941	153000	0.4729	0.3356	0.2781	0.2890	0
942	152999	0.4729	0.3355	0.2778	0.2888	0
943	147104	0.4729	0.3354	0.2775	0.2886	0
944	147105	0.4729	0.3354	0.2772	0.2883	0
945	103134	0.4729	0.3353	0.2780	0.2889	1
946	103274	0.4729	0.3353	0.2777	0.2887	0
947	41549	0.4726	0.3352	0.2774	0.2884	0
948	41548	0.4726	0.3351	0.2771	0.2882	0
949	97314	0.4725	0.3351	0.2779	0.2888	1
950	97385	0.4725	0.3350	0.2776	0.2885	0
951	68651	0.4724	0.3350	0.2784	0.2891	1
952	68733	0.4724	0.3349	0.2781	0.2889	0
953	65973	0.4723	0.3348	0.2788	0.2895	1
954	65974	0.4723	0.3348	0.2796	0.2901	1
955	48104	0.4723	0.3347	0.2803	0.2907	1
956	48241	0.4723	0.3347	0.2800	0.2905	0
957	53508	0.4722	0.3346	0.2797	0.2902	0
958	53509	0.4722	0.3346	0.2795	0.2900	0
959	145112	0.4722	0.3345	0.2792	0.2897	0
960	145113	0.4722	0.3344	0.2789	0.2895	0
961	19363	0.4721	0.3344	0.2786	0.2892	0
962	19192	0.4721	0.3343	0.2793	0.2898	1
963	97803	0.4718	0.3343	0.2790	0.2896	0
964	97804	0.4718	0.3342	0.2788	0.2893	0
965	88934	0.4717	0.3342	0.2785	0.2891	0
966	88933	0.4717	0.3341	0.2782	0.2889	0
967	114142	0.4717	0.3340	0.2779	0.2886	0
968	114143	0.4717	0.3340	0.2776	0.2884	0
969	150207	0.4717	0.3339	0.2784	0.2890	1
970	150263	0.4717	0.3339	0.2781	0.2887	0
971	139352	0.4716	0.3338	0.2788	0.2893	1
972	139858	0.4716	0.3338	0.2785	0.2891	0
973	139859	0.4716	0.3337	0.2782	0.2888	0
974	31667	0.4714	0.3336	0.2779	0.2886	0
975	105528	0.4714	0.3336	0.2777	0.2884	0
976	99619	0.4714	0.3335	0.2774	0.2881	0
977	99620	0.4714	0.3335	0.2771	0.2879	0
978	99621	0.4714	0.3334	0.2768	0.2876	0
979	151186	0.4714	0.3333	0.2765	0.2874	0
980	151187	0.4714	0.3333	0.2762	0.2872	0
981	128198	0.4714	0.3332	0.2760	0.2869	0
982	128199	0.4714	0.3332	0.2757	0.2867	0
983	127588	0.4712	0.3331	0.2754	0.2864	0
984	127005	0.4712	0.3331	0.2761	0.2870	1
985	119770	0.4712	0.3330	0.2769	0.2876	1
986	120435	0.4712	0.3329	0.2766	0.2874	0
987	149712	0.4710	0.3329	0.2773	0.2880	1
988	149726	0.4710	0.3328	0.2781	0.2886	1
989	116644	0.4700	0.3328	0.2778	0.2883	0
990	116649	0.4700	0.3327	0.2775	0.2881	0
991	29551	0.4700	0.3327	0.2772	0.2879	0
992	141005	0.4700	0.3326	0.2769	0.2876	0
993	154307	0.4699	0.3326	0.2767	0.2874	0
994	154308	0.4699	0.3325	0.2764	0.2871	0
995	88005	0.4699	0.3324	0.2761	0.2869	0
996	88006	0.4699	0.3324	0.2758	0.2867	0
997	6579	0.4693	0.3323	0.2756	0.2864	0
998	13523	0.4693	0.3323	0.2753	0.2862	0
999	79666	0.4693	0.3322	0.2750	0.2860	0
1000	79655	0.4693	0.3322	0.2757	0.2866	1
1001	146286	0.4691	0.3321	0.2754	0.2863	0
1002	146287	0.4691	0.3320	0.2752	0.2861	0
1003	146257	0.4691	0.3320	0.2759	0.2867	1
1004	74800	0.4691	0.3319	0.2756	0.2864	0
1005	74801	0.4691	0.3319	0.2753	0.2862	0
1006	118755	0.4690	0.3318	0.2751	0.2860	0
1007	118756	0.4690	0.3318	0.2748	0.2857	0
1008	8698	0.4689	0.3317	0.2755	0.2863	1
1009	8730	0.4689	0.3316	0.2752	0.2861	0
1010	42101	0.4689	0.3316	0.2750	0.2859	0
1011	42099	0.4689	0.3315	0.2747	0.2856	0
1012	18709	0.4689	0.3315	0.2744	0.2854	0
1013	96003	0.4689	0.3314	0.2742	0.2852	0
1014	26891	0.4686	0.3314	0.2739	0.2849	0
1015	38395	0.4686	0.3313	0.2736	0.2847	0
1016	4976	0.4680	0.3313	0.2734	0.2845	0
1017	4975	0.4680	0.3312	0.2731	0.2843	0
1018	4977	0.4680	0.3311	0.2728	0.2840	0
1019	31290	0.4678	0.3311	0.2725	0.2838	0
1020	29507	0.4678	0.3310	0.2723	0.2836	0
1021	75036	0.4677	0.3310	0.2720	0.2833	0
1022	75035	0.4677	0.3309	0.2717	0.2831	0
1023	14902	0.4676	0.3308	0.2715	0.2829	0
1024	69118	0.4676	0.3308	0.2712	0.2827	0
1025	145844	0.4674	0.3307	0.2719	0.2832	1
1026	145864	0.4674	0.3307	0.2717	0.2830	0
1027	74517	0.4673	0.3306	0.2714	0.2828	0
1028	74516	0.4673	0.3306	0.2711	0.2826	0
1029	41215	0.4673	0.3305	0.2709	0.2823	0
1030	41214	0.4673	0.3304	0.2706	0.2821	0
1031	41760	0.4672	0.3304	0.2703	0.2819	0
1032	41761	0.4672	0.3303	0.2701	0.2817	0
1033	41759	0.4672	0.3303	0.2698	0.2814	0
1034	118207	0.4672	0.3302	0.2705	0.2820	1
1035	118231	0.4672	0.3302	0.2703	0.2818	0
1036	10617	0.4671	0.3301	0.2700	0.2816	0
1037	10560	0.4671	0.3300	0.2707	0.2821	1
1038	130605	0.4671	0.3300	0.2714	0.2827	1
1039	130593	0.4671	0.3299	0.2721	0.2833	1
1040	122465	0.4670	0.3299	0.2719	0.2830	0
1041	122464	0.4670	0.3298	0.2716	0.2828	0
1042	65952	0.4668	0.3298	0.2713	0.2826	0
1043	65886	0.4668	0.3297	0.2720	0.2832	1
1044	41134	0.4667	0.3296	0.2718	0.2829	0
1045	2397	0.4667	0.3296	0.2715	0.2827	0
1046	6176	0.4667	0.3295	0.2713	0.2825	0
1047	6177	0.4667	0.3295	0.2710	0.2823	0
1048	147085	0.4667	0.3294	0.2707	0.2821	0
1049	147086	0.4667	0.3294	0.2705	0.2818	0
1050	92177	0.4666	0.3293	0.2712	0.2824	1
1051	92176	0.4666	0.3293	0.2719	0.2830	1
1052	102932	0.4665	0.3292	0.2726	0.2835	1
1053	102951	0.4665	0.3292	0.2723	0.2833	0
1054	26286	0.4665	0.3291	0.2720	0.2831	0
1055	26282	0.4665	0.3290	0.2718	0.2829	0
1056	151543	0.4663	0.3290	0.2715	0.2826	0
1057	151520	0.4663	0.3289	0.2722	0.2832	1
1058	39063	0.4663	0.3289	0.2729	0.2837	1
1059	39064	0.4663	0.3288	0.2736	0.2843	1
1060	39172	0.4663	0.3288	0.2733	0.2841	0
1061	39173	0.4663	0.3287	0.2731	0.2839	0
1062	10664	0.4662	0.3287	0.2738	0.2844	1
1063	10977	0.4662	0.3286	0.2735	0.2842	0
1064	124339	0.4662	0.3286	0.2732	0.2840	0
1065	124338	0.4662	0.3285	0.2730	0.2838	0
1066	103053	0.4662	0.3285	0.2727	0.2835	0
1067	103052	0.4662	0.3284	0.2725	0.2833	0
1068	62885	0.4661	0.3284	0.2722	0.2831	0
1069	62886	0.4661	0.3283	0.2720	0.2829	0
1070	7594	0.4660	0.3283	0.2717	0.2827	0
1071	7593	0.4660	0.3282	0.2715	0.2825	0
1072	50299	0.4659	0.3281	0.2712	0.2822	0
1073	147103	0.4659	0.3281	0.2709	0.2820	0
1074	147102	0.4659	0.3280	0.2707	0.2818	0
1075	1204	0.4659	0.3280	0.2704	0.2816	0
1076	4957	0.4659	0.3279	0.2702	0.2814	0
1077	140167	0.4659	0.3279	0.2699	0.2812	0
1078	140168	0.4659	0.3278	0.2697	0.2810	0
1079	1337	0.4659	0.3278	0.2694	0.2807	0
1080	1336	0.4659	0.3277	0.2692	0.2805	0
1081	19186	0.4658	0.3277	0.2699	0.2811	1
1082	19346	0.4658	0.3276	0.2696	0.2809	0
1083	34358	0.4658	0.3276	0.2694	0.2806	0
1084	34268	0.4658	0.3275	0.2700	0.2812	1
1085	70551	0.4657	0.3275	0.2698	0.2810	0
1086	70534	0.4657	0.3274	0.2705	0.2815	1
1087	39718	0.4657	0.3273	0.2702	0.2813	0
1088	39720	0.4657	0.3273	0.2700	0.2811	0
1089	104698	0.4657	0.3272	0.2706	0.2816	1
1090	104733	0.4657	0.3272	0.2704	0.2814	0
1091	104699	0.4657	0.3271	0.2711	0.2820	1
1092	104734	0.4657	0.3271	0.2708	0.2818	0
1093	143909	0.4656	0.3270	0.2715	0.2823	1
1094	143920	0.4656	0.3270	0.2712	0.2821	0
1095	45642	0.4655	0.3269	0.2710	0.2819	0
1096	45643	0.4655	0.3269	0.2707	0.2817	0
1097	92355	0.4655	0.3268	0.2705	0.2814	0
1098	92356	0.4655	0.3268	0.2702	0.2812	0
1099	35103	0.4655	0.3267	0.2700	0.2810	0
1100	35104	0.4655	0.3267	0.2698	0.2808	0
1101	77896	0.4655	0.3266	0.2695	0.2806	0
1102	77897	0.4655	0.3266	0.2693	0.2804	0
1103	156344	0.4654	0.3265	0.2699	0.2809	1
1104	156345	0.4654	0.3265	0.2706	0.2815	1
1105	156510	0.4654	0.3264	0.2703	0.2813	0
1106	156346	0.4654	0.3264	0.2710	0.2818	1
1107	79693	0.4654	0.3263	0.2717	0.2823	1
1108	79702	0.4654	0.3263	0.2714	0.2821	0
1109	100659	0.4654	0.3262	0.2712	0.2819	0
1110	100660	0.4654	0.3262	0.2709	0.2817	0
1111	125271	0.4652	0.3261	0.2707	0.2815	0
1112	125270	0.4652	0.3261	0.2704	0.2813	0
1113	35266	0.4652	0.3260	0.2711	0.2818	1
1114	35605	0.4652	0.3260	0.2709	0.2816	0
1115	105403	0.4652	0.3259	0.2715	0.2821	1
1116	105423	0.4652	0.3259	0.2713	0.2819	0
1117	40107	0.4652	0.3258	0.2710	0.2817	0
1118	40106	0.4652	0.3258	0.2708	0.2815	0
1119	86209	0.4648	0.3257	0.2714	0.2820	1
1120	86222	0.4648	0.3257	0.2721	0.2826	1
1121	67575	0.4648	0.3256	0.2718	0.2824	0
1122	18249	0.4648	0.3256	0.2716	0.2822	0
1123	113645	0.4648	0.3255	0.2714	0.2819	0
1124	113627	0.4648	0.3255	0.2720	0.2825	1
1125	132612	0.4646	0.3254	0.2718	0.2823	0
1126	132597	0.4646	0.3254	0.2724	0.2828	1
1127	95473	0.4643	0.3253	0.2722	0.2826	0
1128	95470	0.4643	0.3253	0.2719	0.2824	0
1129	75878	0.4643	0.3253	0.2717	0.2822	0
1130	75874	0.4643	0.3252	0.2714	0.2820	0
1131	71956	0.4639	0.3252	0.2712	0.2818	0
1132	71955	0.4639	0.3251	0.2710	0.2816	0
1133	59153	0.4639	0.3251	0.2707	0.2814	0
1134	59152	0.4639	0.3250	0.2705	0.2812	0
1135	160040	0.4639	0.3250	0.2702	0.2809	0
1136	160039	0.4639	0.3249	0.2700	0.2807	0
1137	101881	0.4637	0.3249	0.2698	0.2805	0
1138	101882	0.4637	0.3248	0.2695	0.2803	0
1139	130621	0.4637	0.3248	0.2693	0.2801	0
1140	130598	0.4637	0.3247	0.2699	0.2807	1
1141	2578	0.4637	0.3247	0.2706	0.2812	1
1142	3081	0.4637	0.3246	0.2703	0.2810	0
1143	88627	0.4637	0.3246	0.2701	0.2808	0
1144	88626	0.4637	0.3245	0.2699	0.2806	0
1145	6034	0.4637	0.3245	0.2696	0.2804	0
1146	6037	0.4637	0.3244	0.2694	0.2802	0
1147	17384	0.4636	0.3244	0.2700	0.2807	1
1148	52925	0.4636	0.3243	0.2698	0.2805	0
1149	124022	0.4636	0.3243	0.2704	0.2810	1
1150	124293	0.4636	0.3242	0.2702	0.2808	0
1151	9045	0.4635	0.3242	0.2700	0.2806	0
1152	9044	0.4635	0.3242	0.2697	0.2804	0
1153	141985	0.4633	0.3241	0.2704	0.2809	1
1154	142065	0.4633	0.3241	0.2701	0.2807	0
1155	142066	0.4633	0.3240	0.2699	0.2805	0
1156	142064	0.4633	0.3240	0.2697	0.2803	0
1157	9183	0.4632	0.3239	0.2703	0.2808	1
1158	10231	0.4632	0.3239	0.2701	0.2806	0
1159	112890	0.4632	0.3238	0.2698	0.2804	0
1160	106863	0.4632	0.3238	0.2696	0.2802	0
1161	21805	0.4629	0.3237	0.2694	0.2800	0
1162	21800	0.4629	0.3237	0.2700	0.2805	1
1163	33298	0.4618	0.3236	0.2698	0.2803	0
1164	26108	0.4618	0.3236	0.2695	0.2801	0
1165	67344	0.4617	0.3235	0.2693	0.2799	0
1166	67343	0.4617	0.3235	0.2691	0.2797	0
1167	67332	0.4617	0.3235	0.2697	0.2803	1
1168	93373	0.4617	0.3234	0.2695	0.2801	0
1169	93012	0.4617	0.3234	0.2701	0.2806	1
1170	64429	0.4615	0.3233	0.2699	0.2804	0
1171	64431	0.4615	0.3233	0.2696	0.2802	0
1172	152410	0.4613	0.3232	0.2702	0.2807	1
1173	152411	0.4613	0.3232	0.2709	0.2812	1
1174	82200	0.4612	0.3231	0.2715	0.2817	1
1175	82268	0.4612	0.3231	0.2713	0.2815	0
1176	15510	0.4612	0.3230	0.2710	0.2813	0
1177	24242	0.4612	0.3230	0.2708	0.2811	0
1178	159283	0.4612	0.3230	0.2706	0.2809	0
1179	159282	0.4612	0.3229	0.2703	0.2807	0
1180	37951	0.4610	0.3229	0.2701	0.2805	0
1181	37954	0.4610	0.3228	0.2699	0.2803	0
1182	132560	0.4609	0.3228	0.2697	0.2801	0
1183	132559	0.4609	0.3227	0.2694	0.2799	0
1184	65955	0.4605	0.3227	0.2692	0.2797	0
1185	65889	0.4605	0.3226	0.2698	0.2802	1
1186	146437	0.4605	0.3226	0.2696	0.2800	0
1187	146438	0.4605	0.3226	0.2694	0.2798	0
1188	81779	0.4605	0.3225	0.2700	0.2803	1
1189	81824	0.4605	0.3225	0.2697	0.2801	0
1190	156023	0.4605	0.3224	0.2704	0.2806	1
1191	156037	0.4605	0.3224	0.2701	0.2804	0
1192	151499	0.4605	0.3223	0.2699	0.2802	0
1193	151498	0.4605	0.3223	0.2697	0.2801	0
1194	118414	0.4604	0.3222	0.2695	0.2799	0
1195	118391	0.4604	0.3222	0.2701	0.2804	1
1196	34620	0.4603	0.3222	0.2698	0.2802	0
1197	34621	0.4603	0.3221	0.2696	0.2800	0
1198	45967	0.4602	0.3221	0.2702	0.2805	1
1199	46014	0.4602	0.3220	0.2700	0.2803	0
1200	116180	0.4600	0.3220	0.2698	0.2801	0
1201	116179	0.4600	0.3219	0.2696	0.2799	0
1202	161085	0.4599	0.3219	0.2693	0.2797	0
1203	161086	0.4599	0.3219	0.2691	0.2795	0
1204	145385	0.4599	0.3218	0.2697	0.2800	1
1205	145337	0.4599	0.3218	0.2703	0.2805	1
1206	149816	0.4598	0.3217	0.2701	0.2803	0
1207	149815	0.4598	0.3217	0.2699	0.2801	0
1208	37397	0.4597	0.3216	0.2696	0.2799	0
1209	37398	0.4597	0.3216	0.2694	0.2797	0
1210	31275	0.4597	0.3216	0.2692	0.2795	0
1211	11709	0.4597	0.3215	0.2690	0.2793	0
1212	130518	0.4597	0.3215	0.2696	0.2798	1
1213	130553	0.4597	0.3214	0.2694	0.2796	0
1214	48991	0.4597	0.3214	0.2691	0.2795	0
1215	10756	0.4597	0.3213	0.2689	0.2793	0
1216	10671	0.4597	0.3213	0.2695	0.2798	1
1217	64258	0.4597	0.3213	0.2693	0.2796	0
1218	75872	0.4597	0.3212	0.2691	0.2794	0
1219	100171	0.4597	0.3212	0.2689	0.2792	0
1220	100170	0.4597	0.3211	0.2686	0.2790	0
1221	137684	0.4596	0.3211	0.2692	0.2795	1
1222	137714	0.4596	0.3210	0.2690	0.2793	0
1223	72719	0.4595	0.3210	0.2688	0.2791	0
1224	72608	0.4595	0.3210	0.2694	0.2796	1
1225	66134	0.4594	0.3209	0.2700	0.2801	1
1226	66204	0.4594	0.3209	0.2698	0.2799	0
1227	147113	0.4594	0.3208	0.2695	0.2797	0
1228	147112	0.4594	0.3208	0.2693	0.2795	0
1229	140566	0.4593	0.3207	0.2691	0.2793	0
1230	140567	0.4593	0.3207	0.2689	0.2791	0
1231	54190	0.4592	0.3207	0.2687	0.2790	0
1232	54187	0.4592	0.3206	0.2685	0.2788	0
1233	114227	0.4592	0.3206	0.2682	0.2786	0
1234	114024	0.4592	0.3205	0.2688	0.2791	1
1235	7951	0.4592	0.3205	0.2686	0.2789	0
1236	7950	0.4592	0.3205	0.2684	0.2787	0
1237	145923	0.4591	0.3204	0.2682	0.2785	0
1238	145922	0.4591	0.3204	0.2680	0.2783	0
1239	80557	0.4591	0.3203	0.2677	0.2781	0
1240	80556	0.4591	0.3203	0.2675	0.2780	0
1241	110196	0.4591	0.3202	0.2681	0.2784	1
1242	110195	0.4591	0.3202	0.2687	0.2789	1
1243	50714	0.4590	0.3202	0.2685	0.2787	0
1244	50510	0.4590	0.3201	0.2691	0.2792	1
1245	104782	0.4589	0.3201	0.2689	0.2790	0
1246	104781	0.4589	0.3200	0.2686	0.2788	0
1247	57425	0.4588	0.3200	0.2692	0.2793	1
1248	57892	0.4588	0.3200	0.2690	0.2791	0
1249	148477	0.4588	0.3199	0.2688	0.2789	0
1250	148476	0.4588	0.3199	0.2686	0.2788	0
1251	47061	0.4588	0.3198	0.2692	0.2792	1
1252	66295	0.4588	0.3198	0.2690	0.2791	0
1253	80093	0.4587	0.3197	0.2687	0.2789	0
1254	80094	0.4587	0.3197	0.2685	0.2787	0
1255	103086	0.4587	0.3197	0.2683	0.2785	0
1256	103087	0.4587	0.3196	0.2681	0.2783	0
1257	151526	0.4585	0.3196	0.2679	0.2781	0
1258	151525	0.4585	0.3195	0.2677	0.2780	0
1259	97326	0.4585	0.3195	0.2683	0.2784	1
1260	97387	0.4585	0.3195	0.2680	0.2782	0
1261	126665	0.4585	0.3194	0.2678	0.2781	0
1262	126664	0.4585	0.3194	0.2676	0.2779	0
1263	48510	0.4583	0.3193	0.2674	0.2777	0
1264	48484	0.4583	0.3193	0.2680	0.2782	1
1265	69619	0.4581	0.3193	0.2678	0.2780	0
1266	69564	0.4581	0.3192	0.2684	0.2785	1
1267	129921	0.4581	0.3192	0.2689	0.2789	1
1268	129948	0.4581	0.3191	0.2687	0.2787	0
1269	105646	0.4580	0.3191	0.2693	0.2792	1
1270	105648	0.4580	0.3191	0.2699	0.2797	1
1271	1876	0.4580	0.3190	0.2697	0.2795	0
1272	1875	0.4580	0.3190	0.2694	0.2793	0
1273	113933	0.4579	0.3189	0.2692	0.2791	0
1274	113934	0.4579	0.3189	0.2690	0.2790	0
1275	37478	0.4578	0.3189	0.2688	0.2788	0
1276	37479	0.4578	0.3188	0.2686	0.2786	0
1277	37477	0.4578	0.3188	0.2684	0.2784	0
1278	37476	0.4578	0.3187	0.2682	0.2782	0
1279	55160	0.4578	0.3187	0.2680	0.2781	0
1280	55159	0.4578	0.3187	0.2678	0.2779	0
1281	137752	0.4577	0.3186	0.2676	0.2777	0
1282	137753	0.4577	0.3186	0.2673	0.2775	0
1283	88901	0.4577	0.3185	0.2671	0.2773	0
1284	88902	0.4577	0.3185	0.2669	0.2772	0
1285	156310	0.4576	0.3185	0.2675	0.2776	1
1286	156350	0.4576	0.3184	0.2681	0.2781	1
1287	66769	0.4575	0.3184	0.2679	0.2779	0
1288	66577	0.4575	0.3183	0.2684	0.2784	1
1289	125499	0.4575	0.3183	0.2682	0.2782	0
1290	125500	0.4575	0.3183	0.2680	0.2780	0
1291	67811	0.4574	0.3182	0.2678	0.2778	0
1292	67810	0.4574	0.3182	0.2676	0.2777	0
1293	88176	0.4574	0.3182	0.2674	0.2775	0
1294	88095	0.4574	0.3181	0.2680	0.2780	1
1295	151038	0.4574	0.3181	0.2685	0.2784	1
1296	151195	0.4574	0.3180	0.2683	0.2782	0
1297	148498	0.4573	0.3180	0.2681	0.2781	0
1298	148497	0.4573	0.3180	0.2679	0.2779	0
1299	98911	0.4572	0.3179	0.2677	0.2777	0
1300	98910	0.4572	0.3179	0.2675	0.2775	0
1301	2980	0.4572	0.3178	0.2673	0.2774	0
1302	3063	0.4572	0.3178	0.2671	0.2772	0
1303	50343	0.4570	0.3178	0.2676	0.2776	1
1304	50350	0.4570	0.3177	0.2674	0.2775	0
1305	131765	0.4569	0.3177	0.2672	0.2773	0
1306	131764	0.4569	0.3177	0.2670	0.2771	0
1307	69539	0.4568	0.3176	0.2668	0.2769	0
1308	69540	0.4568	0.3176	0.2666	0.2768	0
1309	79677	0.4568	0.3175	0.2664	0.2766	0
1310	79676	0.4568	0.3175	0.2662	0.2764	0
1311	29666	0.4562	0.3175	0.2660	0.2762	0
1312	29664	0.4562	0.3174	0.2658	0.2761	0
1313	110716	0.4562	0.3174	0.2664	0.2765	1
1314	95484	0.4562	0.3173	0.2662	0.2763	0
1315	132584	0.4562	0.3173	0.2660	0.2762	0
1316	132585	0.4562	0.3173	0.2658	0.2760	0
1317	43829	0.4562	0.3172	0.2663	0.2765	1
1318	43848	0.4562	0.3172	0.2661	0.2763	0
1319	79283	0.4562	0.3171	0.2667	0.2767	1
1320	79302	0.4562	0.3171	0.2665	0.2766	0
1321	7006	0.4562	0.3171	0.2663	0.2764	0
1322	7005	0.4562	0.3170	0.2661	0.2762	0
1323	40676	0.4559	0.3170	0.2659	0.2760	0
1324	96027	0.4559	0.3170	0.2657	0.2759	0
1325	99681	0.4558	0.3169	0.2655	0.2757	0
1326	99680	0.4558	0.3169	0.2653	0.2755	0
1327	68244	0.4558	0.3168	0.2651	0.2754	0
1328	68199	0.4558	0.3168	0.2656	0.2758	1
1329	68183	0.4558	0.3168	0.2662	0.2763	1
1330	155502	0.4551	0.3167	0.2660	0.2761	0
1331	155503	0.4551	0.3167	0.2658	0.2759	0
1332	13827	0.4551	0.3166	0.2656	0.2757	0
1333	13828	0.4551	0.3166	0.2654	0.2756	0
1334	105398	0.4550	0.3166	0.2652	0.2754	0
1335	105397	0.4550	0.3165	0.2650	0.2752	0
1336	22844	0.4549	0.3165	0.2648	0.2751	0
1337	22845	0.4549	0.3165	0.2646	0.2749	0
1338	154078	0.4547	0.3164	0.2644	0.2747	0
1339	154079	0.4547	0.3164	0.2642	0.2746	0
1340	118213	0.4547	0.3163	0.2647	0.2750	1
1341	118214	0.4547	0.3163	0.2653	0.2754	1
1342	51578	0.4547	0.3163	0.2651	0.2753	0
1343	33737	0.4547	0.3162	0.2649	0.2751	0
1344	145962	0.4544	0.3162	0.2647	0.2749	0
1345	145961	0.4544	0.3161	0.2645	0.2748	0
1346	1354	0.4543	0.3161	0.2643	0.2746	0
1347	51547	0.4543	0.3161	0.2648	0.2751	1
1348	151469	0.4542	0.3160	0.2646	0.2749	0
1349	151468	0.4542	0.3160	0.2644	0.2747	0
1350	40566	0.4541	0.3160	0.2642	0.2745	0
1351	126367	0.4541	0.3159	0.2641	0.2744	0
1352	3354	0.4541	0.3159	0.2639	0.2742	0
1353	3353	0.4541	0.3158	0.2637	0.2740	0
1354	128868	0.4540	0.3158	0.2635	0.2739	0
1355	128836	0.4540	0.3158	0.2640	0.2743	1
1356	42656	0.4540	0.3157	0.2638	0.2742	0
1357	42655	0.4540	0.3157	0.2636	0.2740	0
1358	104215	0.4540	0.3156	0.2634	0.2738	0
1359	104216	0.4540	0.3156	0.2632	0.2737	0
1360	134731	0.4538	0.3156	0.2638	0.2741	1
1361	134726	0.4538	0.3155	0.2643	0.2745	1
1362	118775	0.4538	0.3155	0.2649	0.2750	1
1363	118774	0.4538	0.3155	0.2654	0.2754	1
1364	4731	0.4538	0.3154	0.2652	0.2752	0
1365	4727	0.4538	0.3154	0.2650	0.2751	0
1366	126711	0.4537	0.3153	0.2648	0.2749	0
1367	126640	0.4537	0.3153	0.2654	0.2754	1
1368	161063	0.4537	0.3153	0.2652	0.2752	0
1369	161062	0.4537	0.3152	0.2650	0.2750	0
1370	77618	0.4537	0.3152	0.2648	0.2749	0
1371	77599	0.4537	0.3152	0.2653	0.2753	1
1372	133197	0.4537	0.3151	0.2651	0.2751	0
1373	133196	0.4537	0.3151	0.2649	0.2750	0
1374	48505	0.4536	0.3151	0.2647	0.2748	0
1375	48506	0.4536	0.3150	0.2645	0.2746	0
1376	106941	0.4534	0.3150	0.2643	0.2745	0
1377	106942	0.4534	0.3149	0.2642	0.2743	0
1378	105406	0.4534	0.3149	0.2647	0.2747	1
1379	105407	0.4534	0.3149	0.2652	0.2752	1
1380	64887	0.4534	0.3148	0.2650	0.2750	0
1381	64888	0.4534	0.3148	0.2648	0.2748	0
1382	160243	0.4533	0.3148	0.2646	0.2747	0
1383	160194	0.4533	0.3147	0.2652	0.2751	1
1384	15953	0.4532	0.3147	0.2650	0.2749	0
1385	15908	0.4532	0.3147	0.2655	0.2754	1
1386	147632	0.4531	0.3146	0.2653	0.2752	0
1387	147631	0.4531	0.3146	0.2651	0.2750	0
1388	45696	0.4530	0.3145	0.2657	0.2755	1
1389	45766	0.4530	0.3145	0.2655	0.2753	0
1390	145519	0.4530	0.3145	0.2660	0.2757	1
1391	145717	0.4530	0.3144	0.2658	0.2756	0
1392	153067	0.4530	0.3144	0.2656	0.2754	0
1393	153068	0.4530	0.3144	0.2654	0.2753	0
1394	155517	0.4530	0.3143	0.2659	0.2757	1
1395	155565	0.4530	0.3143	0.2658	0.2755	0
1396	140235	0.4530	0.3143	0.2663	0.2759	1
1397	140362	0.4530	0.3142	0.2661	0.2758	0
1398	119173	0.4530	0.3142	0.2659	0.2756	0
1399	119172	0.4530	0.3142	0.2657	0.2755	0
1400	90228	0.4529	0.3141	0.2655	0.2753	0
1401	90229	0.4529	0.3141	0.2653	0.2751	0
1402	145943	0.4529	0.3141	0.2651	0.2750	0
1403	145944	0.4529	0.3140	0.2650	0.2748	0
1404	150985	0.4527	0.3140	0.2648	0.2747	0
1405	150746	0.4527	0.3140	0.2653	0.2751	1
1406	63613	0.4527	0.3139	0.2651	0.2749	0
1407	63323	0.4527	0.3139	0.2656	0.2753	1
1408	141589	0.4527	0.3139	0.2654	0.2752	0
1409	141590	0.4527	0.3138	0.2652	0.2750	0
1410	31947	0.4526	0.3138	0.2651	0.2749	0
1411	31946	0.4526	0.3137	0.2649	0.2747	0
1412	154872	0.4525	0.3137	0.2647	0.2745	0
1413	154870	0.4525	0.3137	0.2645	0.2744	0
1414	24317	0.4525	0.3136	0.2643	0.2742	0
1415	24318	0.4525	0.3136	0.2641	0.2741	0
1416	111502	0.4524	0.3136	0.2639	0.2739	0
1417	111496	0.4524	0.3135	0.2638	0.2737	0
1418	3913	0.4521	0.3135	0.2636	0.2736	0
1419	7891	0.4521	0.3135	0.2634	0.2734	0
1420	1000	0.4520	0.3134	0.2632	0.2733	0
1421	1001	0.4520	0.3134	0.2630	0.2731	0
1422	56593	0.4519	0.3134	0.2628	0.2729	0
1423	56592	0.4519	0.3133	0.2626	0.2728	0
1424	56594	0.4519	0.3133	0.2625	0.2726	0
1425	1145	0.4518	0.3133	0.2630	0.2730	1
1426	1260	0.4518	0.3132	0.2628	0.2729	0
1427	133266	0.4516	0.3132	0.2626	0.2727	0
1428	133267	0.4516	0.3132	0.2624	0.2726	0
1429	69434	0.4516	0.3131	0.2622	0.2724	0
1430	69433	0.4516	0.3131	0.2621	0.2723	0
1431	144022	0.4516	0.3130	0.2626	0.2727	1
1432	144076	0.4516	0.3130	0.2624	0.2725	0
1433	134186	0.4516	0.3130	0.2622	0.2724	0
1434	134185	0.4516	0.3129	0.2620	0.2722	0
1435	134209	0.4516	0.3129	0.2618	0.2721	0
1436	134210	0.4516	0.3129	0.2617	0.2719	0
1437	160143	0.4516	0.3128	0.2615	0.2717	0
1438	160088	0.4516	0.3128	0.2620	0.2722	1
1439	155761	0.4516	0.3128	0.2618	0.2720	0
1440	155760	0.4516	0.3127	0.2616	0.2718	0
1441	156698	0.4512	0.3127	0.2614	0.2717	0
1442	156699	0.4512	0.3127	0.2613	0.2715	0
1443	141350	0.4511	0.3126	0.2611	0.2714	0
1444	141297	0.4511	0.3126	0.2616	0.2718	1
1445	111421	0.4509	0.3125	0.2614	0.2716	0
1446	110608	0.4509	0.3125	0.2619	0.2721	1
1447	44756	0.4507	0.3125	0.2617	0.2719	0
1448	44253	0.4507	0.3124	0.2622	0.2723	1
1449	23333	0.4506	0.3124	0.2621	0.2722	0
1450	23013	0.4506	0.3124	0.2626	0.2726	1
1451	3868	0.4504	0.3123	0.2624	0.2724	0
1452	8688	0.4504	0.3123	0.2622	0.2723	0
1453	48632	0.4501	0.3123	0.2627	0.2727	1
1454	48641	0.4501	0.3122	0.2625	0.2725	0
